1.0,39.25,9.5,1.0,1.0,3.0,1.0,6.5,1.0,1.0,14.0,1.0,1.0,240.0,4607.0,1.0, [ + ]  [+: 2.06080089142e-16]  [-: 0.0] 
1.0,51.58,15.0,1.0,1.0,7.0,1.0,8.5,1.0,1.0,9.0,1.0,1.0,0.0,0.0,1.0, [ + ]  [+: 3.14405222765e-17]  [-: 0.0] 
1.0,22.67,0.165,1.0,1.0,7.0,5.0,2.25,2.0,2.0,0.0,2.0,2.0,0.0,0.0,1.0, [ - ]  [WRONG] [+: 2.06186281195e-18]  [-: 0.0] 
1.0,18.83,0.415,2.0,2.0,7.0,1.0,0.165,2.0,1.0,1.0,1.0,1.0,200.0,1.0,2.0, [ - ]  [+: 0.0]  [-: 3.30517966751e-13] 
1.0,31.5681710914,0.04,2.0,2.0,8.0,1.0,4.25,2.0,2.0,0.0,2.0,1.0,460.0,0.0,2.0, [ - ]  [+: 0.0]  [-: 2.26101191922e-13] 
2.0,47.42,3.0,1.0,1.0,9.0,1.0,13.875,1.0,1.0,2.0,2.0,1.0,519.0,1704.0,1.0, [ + ]  [+: 4.243532616e-18]  [-: 0.0] 
2.0,29.5,1.085,2.0,2.0,9.0,1.0,1.0,2.0,2.0,0.0,1.0,1.0,280.0,13.0,2.0, [ - ]  [+: 0.0]  [-: 4.72139835137e-13] 
1.0,35.0,3.375,1.0,1.0,7.0,2.0,8.29,2.0,2.0,0.0,2.0,1.0,0.0,0.0,2.0, [ - ]  [+: 0.0]  [-: 1.25026299782e-15] 
1.0,18.25,0.165,1.0,1.0,8.0,1.0,0.25,2.0,2.0,0.0,2.0,2.0,280.0,0.0,2.0, [ - ]  [+: 0.0]  [-: 5.12312166771e-13] 
1.0,21.17,0.0,1.0,1.0,7.0,1.0,0.5,2.0,2.0,0.0,2.0,2.0,0.0,0.0,2.0, [ - ]  [+: 0.0]  [-: 3.04297895605e-13] 
1.0,34.58,0.0,1.0,1.0,7.0,1.0,0.0,2.0,2.0,0.0,1.0,3.0,184.014771049,0.0,2.0, [ - ]  [+: 0.0]  [-: 3.24508295425e-13] 
1.0,35.25,16.5,2.0,2.0,7.0,1.0,4.0,1.0,2.0,0.0,1.0,1.0,80.0,0.0,2.0, [ - ]  [+: 0.0]  [-: 2.96962122199e-15] 
2.0,52.5,7.0,1.0,1.0,12.0,2.0,3.0,2.0,2.0,0.0,1.0,1.0,0.0,0.0,2.0, [ - ]  [+: 0.0]  [-: 2.08126039188e-14] 
1.0,43.25,25.21,1.0,1.0,2.0,2.0,0.21,1.0,1.0,1.0,1.0,1.0,760.0,90.0,2.0, [ - ]  [+: 0.0]  [-: 2.55295143054e-21] 
1.0,52.42,1.5,1.0,1.0,8.0,1.0,3.75,2.0,2.0,0.0,2.0,1.0,0.0,350.0,2.0, [ - ]  [+: 0.0]  [-: 2.75274120915e-14] 
1.0,22.17,12.125,1.0,1.0,7.0,1.0,3.335,2.0,1.0,2.0,2.0,1.0,180.0,173.0,2.0, [ - ]  [+: 0.0]  [-: 2.90562051339e-14] 
1.0,19.42,7.25,1.0,1.0,3.0,1.0,0.04,2.0,1.0,1.0,1.0,1.0,100.0,1.0,2.0, [ - ]  [+: 0.0]  [-: 1.5342307909e-13] 
2.0,33.67,0.375,1.0,1.0,5.0,1.0,0.375,2.0,2.0,0.0,1.0,1.0,300.0,44.0,1.0, [ - ]  [WRONG] [+: 1.49756729828e-17]  [-: 0.0] 
1.0,41.58,1.75,1.0,1.0,6.0,1.0,0.21,1.0,2.0,0.0,1.0,1.0,160.0,0.0,2.0, [ - ]  [+: 0.0]  [-: 1.22047569331e-13] 
2.0,30.0,5.29,1.0,1.0,11.0,8.0,2.25,1.0,1.0,5.0,2.0,1.0,99.0,500.0,1.0, [ - ]  [WRONG] [+: 8.07457683163e-16]  [-: 0.0] 
2.0,24.75,12.5,1.0,1.0,12.0,1.0,1.5,1.0,1.0,12.0,2.0,1.0,120.0,567.0,1.0, [ + ]  [+: 1.97440314419e-16]  [-: 0.0] 
2.0,19.58,0.665,2.0,2.0,7.0,1.0,1.0,2.0,1.0,1.0,1.0,1.0,2000.0,2.0,2.0, [ - ]  [+: 0.0]  [-: 8.51672730419e-34] 
2.0,23.75,0.71,1.0,1.0,1.0,1.0,0.25,2.0,1.0,1.0,2.0,1.0,240.0,4.0,2.0, [ - ]  [+: 0.0]  [-: 1.93907035737e-13] 
1.0,48.58,0.205,2.0,2.0,6.0,1.0,0.25,1.0,1.0,11.0,1.0,1.0,380.0,2732.0,1.0, [ + ]  [+: 1.10005320778e-17]  [-: 0.0] 
1.0,31.5681710914,3.0,2.0,2.0,10.0,3.0,7.0,2.0,2.0,0.0,1.0,1.0,0.0,1.0,2.0, [ - ]  [+: 0.0]  [-: 3.52910689184e-14] 
1.0,31.83,0.04,2.0,2.0,3.0,1.0,0.04,2.0,2.0,0.0,1.0,1.0,0.0,0.0,2.0, [ - ]  [+: 0.0]  [-: 6.75925893134e-13] 
1.0,31.25,2.835,1.0,1.0,13.0,4.0,0.0,2.0,1.0,5.0,1.0,1.0,176.0,146.0,2.0, [ - ]  [+: 0.0]  [-: 8.02221402449e-14] 
1.0,28.75,1.165,1.0,1.0,6.0,1.0,0.5,1.0,2.0,0.0,1.0,2.0,280.0,0.0,2.0, [ - ]  [+: 0.0]  [-: 2.95745009821e-13] 
1.0,24.5,12.75,1.0,1.0,7.0,3.0,4.75,1.0,1.0,2.0,1.0,1.0,73.0,444.0,1.0, [ - ]  [WRONG] [+: 4.16926441117e-16]  [-: 0.0] 
1.0,37.17,4.0,1.0,1.0,7.0,3.0,5.0,1.0,2.0,0.0,2.0,2.0,280.0,0.0,2.0, [ - ]  [+: 0.0]  [-: 3.67003299879e-14] 
2.0,28.58,1.665,1.0,1.0,2.0,1.0,2.415,1.0,2.0,0.0,2.0,1.0,440.0,0.0,2.0, [ - ]  [+: 0.0]  [-: 4.02965235422e-14] 
1.0,42.25,1.75,2.0,2.0,7.0,1.0,0.0,2.0,2.0,0.0,2.0,1.0,150.0,1.0,2.0, [ - ]  [+: 0.0]  [-: 6.26366105127e-13] 
1.0,34.17,5.25,1.0,1.0,1.0,1.0,0.085,2.0,2.0,0.0,2.0,1.0,290.0,6.0,1.0, [ - ]  [WRONG] [+: 1.87144884e-17]  [-: 0.0] 
1.0,30.08,1.04,2.0,2.0,10.0,3.0,0.5,1.0,1.0,10.0,2.0,1.0,132.0,28.0,2.0, [ + ]  [WRONG] [+: 0.0]  [-: 3.10807064073e-18] 
1.0,25.92,0.875,1.0,1.0,6.0,1.0,0.375,2.0,1.0,2.0,2.0,1.0,174.0,3.0,2.0, [ - ]  [+: 0.0]  [-: 2.81876230745e-13] 
1.0,38.25,10.125,2.0,2.0,6.0,1.0,0.125,2.0,2.0,0.0,1.0,1.0,160.0,0.0,2.0, [ - ]  [+: 0.0]  [-: 6.47406722385e-13] 
2.0,20.75,10.25,1.0,1.0,2.0,1.0,0.71,1.0,1.0,2.0,2.0,1.0,49.0,0.0,1.0, [ - ]  [WRONG] [+: 5.32608269818e-16]  [-: 0.0] 
1.0,30.83,0.0,1.0,1.0,1.0,1.0,1.25,1.0,1.0,1.0,1.0,1.0,202.0,0.0,1.0, [ - ]  [WRONG] [+: 5.37767761836e-16]  [-: 0.0] 
2.0,20.42,0.835,1.0,1.0,2.0,1.0,1.585,1.0,1.0,1.0,1.0,1.0,0.0,0.0,1.0, [ - ]  [WRONG] [+: 3.32103993895e-16]  [-: 0.0] 
1.0,28.17,0.585,1.0,1.0,12.0,1.0,0.04,2.0,2.0,0.0,1.0,1.0,260.0,1004.0,2.0, [ - ]  [+: 0.0]  [-: 3.47822802542e-13] 
2.0,25.08,2.54,2.0,2.0,12.0,1.0,0.25,1.0,2.0,0.0,2.0,1.0,370.0,0.0,1.0, [ - ]  [WRONG] [+: 1.66769045747e-17]  [-: 0.0] 
1.0,59.5,2.75,1.0,1.0,1.0,1.0,1.75,1.0,1.0,5.0,2.0,1.0,60.0,58.0,1.0, [ + ]  [+: 1.45368027846e-16]  [-: 0.0] 
1.0,18.58,10.29,1.0,1.0,13.0,4.0,0.415,2.0,2.0,0.0,1.0,1.0,80.0,0.0,2.0, [ - ]  [+: 0.0]  [-: 3.53563652966e-13] 
2.0,38.25,6.0,1.0,1.0,6.0,1.0,1.0,1.0,2.0,0.0,2.0,1.0,0.0,0.0,1.0, [ - ]  [WRONG] [+: 1.14170499434e-16]  [-: 0.0] 
1.0,25.17,3.5,1.0,1.0,5.0,1.0,0.625,1.0,1.0,7.0,1.0,1.0,0.0,7059.0,1.0, [ + ]  [+: 4.97628439689e-16]  [-: 0.0] 
2.0,39.08,4.0,1.0,1.0,7.0,1.0,3.0,2.0,2.0,0.0,1.0,1.0,480.0,0.0,2.0, [ - ]  [+: 0.0]  [-: 1.31154577075e-13] 
2.0,30.58,10.665,1.0,1.0,2.0,2.0,0.085,2.0,1.0,12.0,2.0,1.0,129.0,3.0,2.0, [ + ]  [WRONG] [+: 0.0]  [-: 4.61270555207e-21] 
1.0,18.17,2.46,1.0,1.0,7.0,9.0,0.96,2.0,1.0,2.0,2.0,1.0,160.0,587.0,2.0, [ - ]  [+: 0.0]  [-: 7.47806613441e-14] 
1.0,26.75,4.5,2.0,2.0,7.0,3.0,2.5,2.0,2.0,0.0,1.0,1.0,200.0,1210.0,2.0, [ - ]  [+: 0.0]  [-: 4.42212434622e-13] 
1.0,19.0,0.0,2.0,2.0,13.0,4.0,0.0,2.0,1.0,4.0,1.0,1.0,45.0,1.0,2.0, [ - ]  [+: 0.0]  [-: 1.28717318161e-13] 
1.0,39.92,5.0,1.0,1.0,10.0,3.0,0.21,2.0,2.0,0.0,1.0,1.0,550.0,0.0,2.0, [ - ]  [+: 0.0]  [-: 9.66581526742e-14] 
1.0,55.92,11.5,1.0,1.0,13.0,4.0,5.0,1.0,1.0,5.0,1.0,1.0,0.0,8851.0,1.0, [ + ]  [+: 6.97209378412e-18]  [-: 0.0] 
2.0,21.92,11.665,1.0,1.0,6.0,2.0,0.085,2.0,2.0,0.0,1.0,1.0,320.0,5.0,2.0, [ - ]  [+: 0.0]  [-: 9.53977294145e-14] 
1.0,48.5,4.25,1.0,1.0,3.0,1.0,0.125,1.0,2.0,0.0,2.0,1.0,225.0,0.0,1.0, [ - ]  [WRONG] [+: 1.25192835439e-16]  [-: 0.0] 
1.0,42.5,4.915,2.0,2.0,1.0,1.0,3.165,1.0,2.0,0.0,2.0,1.0,52.0,1442.0,1.0, [ - ]  [WRONG] [+: 7.58848735755e-17]  [-: 0.0] 
2.0,25.33,2.085,1.0,1.0,7.0,2.0,2.75,1.0,2.0,0.0,2.0,1.0,360.0,1.0,2.0, [ - ]  [+: 0.0]  [-: 5.2689311813e-14] 
1.0,19.33,10.915,1.0,1.0,7.0,3.0,0.585,2.0,1.0,2.0,2.0,1.0,200.0,7.0,2.0, [ - ]  [+: 0.0]  [-: 4.69808551706e-14] 
1.0,17.08,0.085,2.0,2.0,7.0,1.0,0.04,2.0,2.0,0.0,1.0,1.0,140.0,722.0,2.0, [ - ]  [+: 0.0]  [-: 4.17863187247e-13] 
1.0,19.17,9.5,1.0,1.0,1.0,1.0,1.5,1.0,2.0,0.0,1.0,1.0,120.0,2206.0,1.0, [ - ]  [WRONG] [+: 1.32874547671e-16]  [-: 0.0] 
1.0,16.25,0.835,1.0,1.0,3.0,1.0,0.085,1.0,2.0,0.0,1.0,2.0,200.0,0.0,2.0, [ - ]  [+: 0.0]  [-: 9.93166849394e-14] 
2.0,19.17,5.415,1.0,1.0,10.0,2.0,0.29,2.0,2.0,0.0,1.0,1.0,80.0,484.0,2.0, [ - ]  [+: 0.0]  [-: 3.03874453325e-13] 
2.0,25.58,0.0,1.0,1.0,7.0,1.0,0.0,2.0,2.0,0.0,1.0,3.0,184.014771049,0.0,1.0, [ - ]  [WRONG] [+: 1.50892424842e-17]  [-: 0.0] 
1.0,36.17,0.42,2.0,2.0,1.0,1.0,0.29,2.0,2.0,0.0,2.0,1.0,309.0,2.0,2.0, [ - ]  [+: 0.0]  [-: 7.89496107644e-13] 
2.0,36.75,4.71,1.0,1.0,13.0,4.0,0.0,2.0,2.0,0.0,1.0,1.0,160.0,0.0,2.0, [ - ]  [+: 0.0]  [-: 1.33806439869e-12] 
2.0,56.5,16.0,1.0,1.0,14.0,4.0,0.0,1.0,1.0,15.0,1.0,1.0,0.0,247.0,1.0, [ + ]  [+: 7.57882214183e-19]  [-: 0.0] 
1.0,42.75,4.085,1.0,1.0,12.0,1.0,0.04,2.0,2.0,0.0,1.0,1.0,108.0,100.0,2.0, [ - ]  [+: 0.0]  [-: 4.14787467887e-13] 
1.0,35.25,3.165,1.0,1.0,9.0,2.0,3.75,1.0,2.0,0.0,2.0,1.0,680.0,0.0,2.0, [ - ]  [+: 0.0]  [-: 6.21646495009e-16] 
1.0,24.33,6.625,2.0,2.0,8.0,1.0,5.5,1.0,2.0,0.0,2.0,2.0,100.0,0.0,1.0, [ - ]  [WRONG] [+: 2.00737471003e-17]  [-: 0.0] 
2.0,58.42,21.0,1.0,1.0,10.0,3.0,10.0,1.0,1.0,13.0,1.0,1.0,0.0,6700.0,1.0, [ + ]  [+: 2.69843370529e-19]  [-: 0.0] 
1.0,24.5,13.335,2.0,2.0,12.0,1.0,0.04,2.0,2.0,0.0,2.0,1.0,120.0,475.0,2.0, [ - ]  [+: 0.0]  [-: 1.67325701916e-13] 
2.0,16.92,0.5,1.0,1.0,10.0,1.0,0.165,2.0,1.0,6.0,2.0,1.0,240.0,35.0,2.0, [ - ]  [+: 0.0]  [-: 4.40700295174e-15] 
1.0,49.58,19.0,1.0,1.0,13.0,4.0,0.0,1.0,1.0,1.0,1.0,1.0,94.0,0.0,2.0, [ - ]  [+: 0.0]  [-: 1.04731510876e-16] 
1.0,19.5,9.585,1.0,1.0,12.0,1.0,0.79,2.0,2.0,0.0,1.0,1.0,80.0,350.0,2.0, [ - ]  [+: 0.0]  [-: 2.67688941756e-13] 
2.0,53.33,0.165,1.0,1.0,13.0,4.0,0.0,2.0,2.0,0.0,2.0,2.0,62.0,27.0,2.0, [ - ]  [+: 0.0]  [-: 9.61134971354e-14] 
1.0,34.67,1.08,1.0,1.0,3.0,1.0,1.165,2.0,2.0,0.0,1.0,2.0,28.0,0.0,2.0, [ - ]  [+: 0.0]  [-: 6.56545000754e-13] 
1.0,20.75,5.085,2.0,2.0,14.0,1.0,0.29,2.0,2.0,0.0,1.0,1.0,140.0,184.0,2.0, [ - ]  [+: 0.0]  [-: 1.85504779054e-12] 
2.0,50.25,0.835,1.0,1.0,12.0,1.0,0.5,2.0,2.0,0.0,2.0,1.0,240.0,117.0,2.0, [ - ]  [+: 0.0]  [-: 1.09253055909e-13] 
2.0,19.75,0.75,1.0,1.0,7.0,1.0,0.795,1.0,1.0,5.0,2.0,1.0,140.0,5.0,2.0, [ - ]  [+: 0.0]  [-: 3.74476155397e-15] 
2.0,22.92,11.585,1.0,1.0,5.0,1.0,0.04,1.0,2.0,0.0,1.0,1.0,80.0,1349.0,1.0, [ - ]  [WRONG] [+: 1.36419061223e-16]  [-: 0.0] 
1.0,19.58,0.585,1.0,1.0,13.0,4.0,0.0,2.0,1.0,3.0,1.0,1.0,350.0,769.0,2.0, [ - ]  [+: 0.0]  [-: 1.05401618632e-13] 
1.0,32.25,0.165,2.0,2.0,7.0,2.0,3.25,1.0,1.0,1.0,2.0,1.0,432.0,8000.0,1.0, [ + ]  [+: 5.54385322724e-17]  [-: 0.0] 
1.0,22.0,0.79,1.0,1.0,1.0,1.0,0.29,2.0,1.0,1.0,1.0,1.0,420.0,283.0,2.0, [ - ]  [+: 0.0]  [-: 1.09133956171e-13] 
2.0,52.83,15.0,1.0,1.0,7.0,1.0,5.5,1.0,1.0,14.0,1.0,1.0,0.0,2200.0,1.0, [ + ]  [+: 2.44013422972e-17]  [-: 0.0] 
2.0,57.08,19.5,1.0,1.0,7.0,1.0,5.5,1.0,1.0,7.0,1.0,1.0,0.0,3000.0,1.0, [ + ]  [+: 7.45522160832e-18]  [-: 0.0] 
1.0,22.5,0.125,2.0,2.0,6.0,1.0,0.125,2.0,2.0,0.0,1.0,1.0,200.0,70.0,2.0, [ - ]  [+: 0.0]  [-: 1.35807154689e-12] 
1.0,22.08,2.335,1.0,1.0,6.0,1.0,0.75,2.0,2.0,0.0,1.0,1.0,180.0,0.0,2.0, [ - ]  [+: 0.0]  [-: 9.00155411069e-13] 
2.0,38.58,5.0,1.0,1.0,5.0,1.0,13.5,1.0,2.0,0.0,2.0,1.0,980.0,0.0,2.0, [ + ]  [WRONG] [+: 0.0]  [-: 1.07213550684e-24] 
1.0,26.0,1.0,1.0,1.0,2.0,1.0,1.75,1.0,2.0,0.0,2.0,1.0,280.0,0.0,1.0, [ - ]  [WRONG] [+: 2.11430298152e-16]  [-: 0.0] 
1.0,36.67,4.415,2.0,2.0,6.0,1.0,0.25,1.0,1.0,10.0,2.0,1.0,320.0,0.0,1.0, [ + ]  [+: 6.64014003962e-17]  [-: 0.0] 
2.0,25.42,1.125,1.0,1.0,2.0,1.0,1.29,1.0,1.0,2.0,1.0,1.0,200.0,0.0,2.0, [ - ]  [+: 0.0]  [-: 3.7711825187e-14] 
1.0,39.92,6.21,1.0,1.0,2.0,1.0,0.04,1.0,1.0,1.0,1.0,1.0,200.0,300.0,1.0, [ - ]  [WRONG] [+: 9.41726745042e-16]  [-: 0.0] 
1.0,31.5681710914,4.0,1.0,1.0,9.0,1.0,5.0,1.0,1.0,3.0,2.0,1.0,290.0,2279.0,1.0, [ + ]  [+: 1.64967106656e-15]  [-: 0.0] 
1.0,20.17,8.17,1.0,1.0,12.0,1.0,1.96,1.0,1.0,14.0,1.0,1.0,60.0,158.0,1.0, [ + ]  [+: 1.25673246789e-16]  [-: 0.0] 
1.0,36.17,18.125,1.0,1.0,1.0,1.0,0.085,2.0,2.0,0.0,1.0,1.0,320.0,3552.0,2.0, [ + ]  [WRONG] [+: 0.0]  [-: 8.61893802491e-21] 
2.0,20.83,3.0,1.0,1.0,12.0,1.0,0.04,1.0,2.0,0.0,1.0,1.0,100.0,0.0,1.0, [ - ]  [WRONG] [+: 9.11588753469e-17]  [-: 0.0] 
1.0,48.08,6.04,1.0,1.0,6.0,1.0,0.04,2.0,2.0,0.0,1.0,1.0,0.0,2690.0,1.0, [ - ]  [WRONG] [+: 4.21564482487e-18]  [-: 0.0] 
1.0,19.67,10.0,2.0,2.0,6.0,2.0,0.835,1.0,2.0,0.0,2.0,1.0,140.0,0.0,2.0, [ - ]  [+: 0.0]  [-: 8.75547597844e-14] 
1.0,44.25,11.0,2.0,2.0,8.0,1.0,1.5,1.0,2.0,0.0,1.0,2.0,0.0,0.0,2.0, [ - ]  [+: 0.0]  [-: 5.40932801743e-14] 
2.0,32.33,0.54,1.0,1.0,5.0,1.0,0.04,1.0,2.0,0.0,1.0,1.0,440.0,11177.0,1.0, [ + ]  [+: 2.59114219999e-17]  [-: 0.0] 
1.0,33.58,2.75,1.0,1.0,3.0,1.0,4.25,1.0,1.0,6.0,1.0,1.0,204.0,0.0,1.0, [ - ]  [WRONG] [+: 9.6833119675e-16]  [-: 0.0] 
1.0,19.17,4.0,2.0,2.0,10.0,1.0,1.0,2.0,2.0,0.0,2.0,1.0,360.0,1000.0,2.0, [ - ]  [+: 0.0]  [-: 4.91778587617e-13] 
1.0,24.42,2.0,1.0,1.0,11.0,8.0,0.165,2.0,1.0,2.0,1.0,1.0,320.0,1300.0,2.0, [ - ]  [+: 0.0]  [-: 5.59164501672e-14] 
1.0,44.0,2.0,1.0,1.0,3.0,1.0,1.75,1.0,1.0,2.0,2.0,1.0,0.0,15.0,1.0, [ - ]  [WRONG] [+: 4.10413262409e-16]  [-: 0.0] 
1.0,22.67,0.75,1.0,1.0,10.0,1.0,1.585,2.0,1.0,1.0,2.0,1.0,400.0,9.0,2.0, [ - ]  [+: 0.0]  [-: 1.68596201834e-13] 
1.0,23.25,12.625,1.0,1.0,7.0,1.0,0.125,2.0,1.0,2.0,1.0,1.0,0.0,5552.0,2.0, [ + ]  [WRONG] [+: 0.0]  [-: 8.22721411694e-29] 
2.0,15.92,2.875,1.0,1.0,2.0,1.0,0.085,2.0,2.0,0.0,1.0,1.0,120.0,0.0,2.0, [ - ]  [+: 0.0]  [-: 1.96568480005e-13] 
1.0,22.58,1.5,2.0,2.0,12.0,1.0,0.54,2.0,2.0,0.0,2.0,1.0,120.0,67.0,2.0, [ - ]  [+: 0.0]  [-: 1.33928766388e-12] 
1.0,23.25,1.5,1.0,1.0,2.0,1.0,2.375,1.0,1.0,3.0,2.0,1.0,0.0,582.0,1.0, [ - ]  [WRONG] [+: 6.03447056801e-16]  [-: 0.0] 
1.0,22.58,10.04,1.0,1.0,9.0,1.0,0.04,1.0,1.0,9.0,1.0,1.0,60.0,396.0,1.0, [ + ]  [+: 5.33305107375e-16]  [-: 0.0] 
1.0,31.5681710914,5.0,2.0,2.0,12.0,1.0,8.5,1.0,2.0,0.0,1.0,1.0,0.0,0.0,2.0, [ - ]  [+: 0.0]  [-: 1.06278048401e-15] 
2.0,22.75,6.165,1.0,1.0,12.0,1.0,0.165,2.0,2.0,0.0,1.0,1.0,220.0,1000.0,2.0, [ - ]  [+: 0.0]  [-: 3.39153314945e-13] 
2.0,60.92,5.0,1.0,1.0,12.0,1.0,4.0,1.0,1.0,4.0,1.0,1.0,0.0,99.0,1.0, [ - ]  [WRONG] [+: 6.95008550415e-17]  [-: 0.0] 
1.0,23.33,1.5,1.0,1.0,7.0,2.0,1.415,1.0,2.0,0.0,1.0,1.0,422.0,200.0,1.0, [ - ]  [WRONG] [+: 6.1310197593e-17]  [-: 0.0] 
2.0,33.92,1.585,2.0,2.0,13.0,4.0,0.0,1.0,2.0,0.0,1.0,1.0,320.0,0.0,2.0, [ - ]  [+: 0.0]  [-: 5.60024474793e-13] 
1.0,20.0,1.25,2.0,2.0,6.0,1.0,0.125,2.0,2.0,0.0,1.0,1.0,140.0,4.0,2.0, [ - ]  [+: 0.0]  [-: 1.24510046065e-12] 
1.0,74.83,19.0,2.0,2.0,13.0,4.0,0.04,2.0,1.0,2.0,1.0,1.0,0.0,351.0,2.0, [ - ]  [+: 0.0]  [-: 3.28100449119e-19] 
2.0,41.17,6.5,1.0,1.0,2.0,1.0,0.5,1.0,1.0,3.0,2.0,1.0,145.0,0.0,1.0, [ - ]  [WRONG] [+: 1.40553824952e-15]  [-: 0.0] 
1.0,21.83,0.25,1.0,1.0,8.0,2.0,0.665,1.0,2.0,0.0,2.0,1.0,0.0,0.0,1.0, [ - ]  [WRONG] [+: 6.47962932766e-17]  [-: 0.0] 
1.0,17.58,10.0,1.0,1.0,1.0,2.0,0.165,2.0,1.0,1.0,1.0,1.0,120.0,1.0,2.0, [ - ]  [+: 0.0]  [-: 4.23074051318e-14] 
2.0,27.42,14.5,1.0,1.0,9.0,2.0,3.085,1.0,1.0,1.0,1.0,1.0,120.0,11.0,1.0, [ + ]  [+: 8.18873712234e-16]  [-: 0.0] 
1.0,56.0,12.5,1.0,1.0,6.0,2.0,8.0,1.0,2.0,0.0,2.0,1.0,24.0,2028.0,1.0, [ + ]  [+: 1.58426453294e-17]  [-: 0.0] 
1.0,51.33,10.0,1.0,1.0,10.0,3.0,0.0,1.0,1.0,11.0,1.0,1.0,0.0,1249.0,1.0, [ + ]  [+: 7.5472734547e-17]  [-: 0.0] 
2.0,22.25,1.25,2.0,2.0,13.0,4.0,3.25,2.0,2.0,0.0,1.0,1.0,280.0,0.0,2.0, [ - ]  [+: 0.0]  [-: 1.68012760886e-12] 
1.0,32.42,3.0,1.0,1.0,8.0,1.0,0.165,2.0,2.0,0.0,2.0,1.0,120.0,0.0,2.0, [ - ]  [+: 0.0]  [-: 8.60012472791e-13] 
1.0,41.33,0.0,1.0,1.0,7.0,3.0,15.0,1.0,2.0,0.0,1.0,1.0,0.0,0.0,1.0, [ + ]  [+: 2.48351511001e-18]  [-: 0.0] 
1.0,25.75,0.75,1.0,1.0,7.0,3.0,0.25,1.0,2.0,0.0,1.0,1.0,349.0,23.0,1.0, [ - ]  [WRONG] [+: 7.80845730886e-17]  [-: 0.0] 
1.0,22.67,10.5,1.0,1.0,2.0,2.0,1.335,1.0,2.0,0.0,1.0,1.0,100.0,0.0,1.0, [ - ]  [WRONG] [+: 2.83527493895e-16]  [-: 0.0] 
1.0,32.08,4.0,2.0,2.0,5.0,1.0,1.5,2.0,2.0,0.0,2.0,1.0,120.0,0.0,2.0, [ - ]  [+: 0.0]  [-: 9.90195704265e-13] 
2.0,55.75,7.08,1.0,1.0,6.0,2.0,6.75,1.0,1.0,3.0,2.0,1.0,100.0,50.0,2.0, [ + ]  [WRONG] [+: 0.0]  [-: 4.59123250296e-17] 
1.0,29.25,13.0,1.0,1.0,8.0,2.0,0.5,2.0,2.0,0.0,1.0,1.0,228.0,0.0,2.0, [ - ]  [+: 0.0]  [-: 9.93394855922e-14] 
1.0,39.58,5.0,1.0,1.0,13.0,4.0,0.0,2.0,1.0,2.0,1.0,1.0,17.0,1.0,2.0, [ - ]  [+: 0.0]  [-: 2.53212896586e-13] 
1.0,44.83,7.0,2.0,2.0,7.0,1.0,1.625,2.0,2.0,0.0,1.0,1.0,160.0,2.0,2.0, [ - ]  [+: 0.0]  [-: 5.27237613112e-13] 
1.0,29.67,1.415,1.0,1.0,1.0,2.0,0.75,1.0,1.0,1.0,1.0,1.0,240.0,100.0,1.0, [ - ]  [WRONG] [+: 8.57299008589e-16]  [-: 0.0] 
1.0,31.5681710914,0.375,1.0,1.0,8.0,1.0,0.875,1.0,2.0,0.0,2.0,2.0,928.0,0.0,2.0, [ - ]  [+: 0.0]  [-: 1.08610164404e-16] 
1.0,27.0,0.75,1.0,1.0,7.0,2.0,4.25,1.0,1.0,3.0,2.0,1.0,312.0,150.0,1.0, [ - ]  [WRONG] [+: 7.85089211467e-16]  [-: 0.0] 
2.0,45.0,4.585,1.0,1.0,6.0,2.0,1.0,2.0,2.0,0.0,2.0,2.0,240.0,0.0,2.0, [ - ]  [+: 0.0]  [-: 3.20722974314e-13] 
1.0,62.75,7.0,1.0,1.0,11.0,6.0,0.0,2.0,2.0,0.0,1.0,1.0,0.0,12.0,2.0, [ - ]  [+: 0.0]  [-: 1.03222842873e-15] 
1.0,17.5,22.0,3.0,3.0,13.0,7.0,0.0,2.0,2.0,0.0,2.0,3.0,450.0,100000.0,1.0, [ + ]  [+: 7.47793525385e-53]  [-: 0.0] 
1.0,48.17,3.5,1.0,1.0,12.0,1.0,3.5,1.0,2.0,0.0,1.0,2.0,230.0,0.0,1.0, [ - ]  [WRONG] [+: 5.93411309858e-17]  [-: 0.0] 
2.0,28.08,15.0,2.0,2.0,11.0,6.0,0.0,1.0,2.0,0.0,1.0,1.0,0.0,13212.0,1.0, [ + ]  [+: 8.08742188509e-18]  [-: 0.0] 
2.0,15.75,0.375,1.0,1.0,7.0,1.0,1.0,2.0,2.0,0.0,1.0,1.0,120.0,18.0,2.0, [ - ]  [+: 0.0]  [-: 2.45729142363e-13] 
2.0,16.5,1.25,1.0,1.0,2.0,1.0,0.25,2.0,1.0,1.0,1.0,1.0,108.0,98.0,2.0, [ - ]  [+: 0.0]  [-: 8.29717688176e-14] 
1.0,49.5,7.585,1.0,1.0,10.0,3.0,7.585,1.0,1.0,15.0,2.0,1.0,0.0,5000.0,1.0, [ + ]  [+: 4.78866907135e-17]  [-: 0.0] 
1.0,35.75,2.415,1.0,1.0,1.0,1.0,0.125,2.0,1.0,2.0,1.0,1.0,220.0,1.0,2.0, [ - ]  [+: 0.0]  [-: 2.21652359325e-13] 
1.0,19.67,0.375,1.0,1.0,2.0,1.0,2.0,1.0,1.0,2.0,2.0,1.0,80.0,0.0,1.0, [ - ]  [WRONG] [+: 5.09541851003e-16]  [-: 0.0] 
1.0,48.58,6.5,1.0,1.0,2.0,2.0,6.0,1.0,2.0,0.0,2.0,1.0,350.0,0.0,1.0, [ - ]  [WRONG] [+: 1.81906263425e-16]  [-: 0.0] 
1.0,34.92,5.0,1.0,1.0,9.0,2.0,7.5,1.0,1.0,6.0,2.0,1.0,0.0,1000.0,1.0, [ + ]  [+: 1.53019346042e-15]  [-: 0.0] 
1.0,37.5,1.125,2.0,2.0,8.0,1.0,1.5,2.0,2.0,0.0,2.0,1.0,431.0,0.0,1.0, [ - ]  [WRONG] [+: 7.82355082517e-19]  [-: 0.0] 
1.0,16.92,0.335,2.0,2.0,6.0,1.0,0.29,2.0,2.0,0.0,1.0,2.0,200.0,0.0,2.0, [ - ]  [+: 0.0]  [-: 1.21309527354e-12] 
1.0,32.67,5.5,1.0,1.0,2.0,2.0,5.5,1.0,1.0,12.0,2.0,1.0,408.0,1000.0,1.0, [ + ]  [+: 4.26711794502e-16]  [-: 0.0] 
1.0,27.75,1.29,1.0,1.0,6.0,2.0,0.25,2.0,2.0,0.0,2.0,2.0,140.0,0.0,2.0, [ - ]  [+: 0.0]  [-: 7.26724353183e-13] 
1.0,26.67,14.585,1.0,1.0,10.0,3.0,0.0,2.0,2.0,0.0,2.0,1.0,178.0,0.0,2.0, [ - ]  [+: 0.0]  [-: 4.95320947193e-14] 
1.0,26.33,13.0,1.0,1.0,11.0,8.0,0.0,2.0,2.0,0.0,2.0,1.0,140.0,1110.0,2.0, [ - ]  [+: 0.0]  [-: 3.90133618943e-14] 
1.0,16.25,0.0,2.0,2.0,12.0,1.0,0.25,2.0,2.0,0.0,1.0,1.0,60.0,0.0,2.0, [ - ]  [+: 0.0]  [-: 5.03344139492e-13] 
1.0,43.17,2.25,1.0,1.0,10.0,3.0,0.75,1.0,2.0,0.0,1.0,1.0,560.0,0.0,2.0, [ - ]  [+: 0.0]  [-: 1.50471352516e-14] 
1.0,51.42,0.04,1.0,1.0,9.0,2.0,0.04,1.0,2.0,0.0,1.0,1.0,0.0,3000.0,1.0, [ + ]  [+: 9.76098618902e-17]  [-: 0.0] 
2.0,27.67,2.04,1.0,1.0,1.0,1.0,0.25,2.0,2.0,0.0,2.0,1.0,180.0,50.0,2.0, [ - ]  [+: 0.0]  [-: 6.23215335472e-13] 
2.0,28.58,3.54,1.0,1.0,10.0,3.0,0.5,1.0,2.0,0.0,2.0,1.0,171.0,0.0,2.0, [ - ]  [+: 0.0]  [-: 1.99301688279e-13] 
2.0,22.67,0.79,1.0,1.0,10.0,1.0,0.085,2.0,2.0,0.0,1.0,1.0,144.0,0.0,2.0, [ - ]  [+: 0.0]  [-: 6.14251788202e-13] 
1.0,67.75,5.5,1.0,1.0,11.0,6.0,13.0,1.0,1.0,1.0,2.0,1.0,0.0,0.0,1.0, [ + ]  [+: 3.64347918268e-18]  [-: 0.0] 
1.0,35.58,0.75,1.0,1.0,6.0,1.0,1.5,2.0,2.0,0.0,2.0,1.0,231.0,0.0,2.0, [ - ]  [+: 0.0]  [-: 7.4858139756e-13] 
2.0,71.58,0.0,1.0,1.0,7.0,1.0,0.0,2.0,2.0,0.0,1.0,3.0,184.014771049,0.0,1.0, [ - ]  [WRONG] [+: 2.73113165056e-19]  [-: 0.0] 
1.0,27.25,1.585,1.0,1.0,5.0,2.0,1.835,1.0,1.0,12.0,2.0,1.0,583.0,713.0,1.0, [ + ]  [+: 2.70919480206e-17]  [-: 0.0] 
1.0,33.17,1.04,1.0,1.0,4.0,2.0,6.5,1.0,2.0,0.0,2.0,1.0,164.0,31285.0,1.0, [ + ]  [+: 8.76431998604e-19]  [-: 0.0] 
1.0,39.0,5.0,1.0,1.0,5.0,1.0,3.5,1.0,1.0,10.0,2.0,1.0,0.0,0.0,1.0, [ + ]  [+: 8.39281122774e-16]  [-: 0.0] 
1.0,34.08,2.5,1.0,1.0,7.0,1.0,1.0,2.0,2.0,0.0,1.0,1.0,460.0,16.0,2.0, [ - ]  [+: 0.0]  [-: 2.96049113912e-13] 
2.0,24.5,1.75,2.0,2.0,7.0,1.0,0.165,2.0,2.0,0.0,1.0,1.0,132.0,0.0,2.0, [ - ]  [+: 0.0]  [-: 1.20285062229e-12] 
2.0,31.92,3.125,1.0,1.0,13.0,4.0,3.04,2.0,1.0,2.0,2.0,1.0,200.0,4.0,2.0, [ - ]  [+: 0.0]  [-: 4.49403111164e-13] 
1.0,22.75,11.5,1.0,1.0,10.0,1.0,0.415,2.0,2.0,0.0,1.0,1.0,0.0,0.0,2.0, [ - ]  [+: 0.0]  [-: 1.28270499719e-13] 
1.0,69.17,9.0,1.0,1.0,13.0,4.0,4.0,2.0,1.0,1.0,1.0,1.0,70.0,6.0,2.0, [ - ]  [+: 0.0]  [-: 1.58198404416e-16] 
1.0,25.67,0.29,2.0,2.0,7.0,1.0,1.5,2.0,2.0,0.0,2.0,1.0,160.0,0.0,2.0, [ - ]  [+: 0.0]  [-: 1.14692423163e-12] 
1.0,29.83,3.5,1.0,1.0,7.0,1.0,0.165,2.0,2.0,0.0,1.0,1.0,216.0,0.0,2.0, [ - ]  [+: 0.0]  [-: 8.07280062725e-13] 
2.0,28.75,3.75,1.0,1.0,7.0,1.0,1.085,1.0,1.0,1.0,2.0,1.0,371.0,0.0,1.0, [ - ]  [WRONG] [+: 3.97857507527e-16]  [-: 0.0] 
1.0,23.0,0.75,1.0,1.0,3.0,1.0,0.5,2.0,2.0,0.0,2.0,2.0,320.0,0.0,2.0, [ - ]  [+: 0.0]  [-: 6.08525380497e-13] 
1.0,23.92,1.5,1.0,1.0,8.0,2.0,1.875,1.0,1.0,6.0,1.0,1.0,200.0,327.0,1.0, [ - ]  [WRONG] [+: 5.60363783117e-16]  [-: 0.0] 
1.0,39.17,1.625,1.0,1.0,7.0,1.0,1.5,1.0,1.0,10.0,1.0,1.0,186.0,4700.0,1.0, [ + ]  [+: 5.58713445333e-16]  [-: 0.0] 
1.0,29.67,0.75,2.0,2.0,7.0,1.0,0.04,2.0,2.0,0.0,1.0,1.0,240.0,0.0,2.0, [ - ]  [+: 0.0]  [-: 1.27415408146e-12] 
1.0,44.33,0.5,1.0,1.0,10.0,2.0,5.0,1.0,2.0,0.0,2.0,1.0,320.0,0.0,1.0, [ - ]  [WRONG] [+: 9.66475510298e-17]  [-: 0.0] 
1.0,31.42,15.5,1.0,1.0,7.0,1.0,0.5,1.0,2.0,0.0,1.0,1.0,120.0,0.0,2.0, [ - ]  [+: 0.0]  [-: 6.91741032393e-15] 
1.0,22.25,0.46,1.0,1.0,6.0,1.0,0.125,2.0,2.0,0.0,2.0,1.0,280.0,55.0,2.0, [ - ]  [+: 0.0]  [-: 5.46460851971e-13] 
1.0,26.17,12.5,2.0,2.0,6.0,2.0,1.25,2.0,2.0,0.0,2.0,1.0,0.0,17.0,2.0, [ - ]  [+: 0.0]  [-: 1.36584503611e-13] 
1.0,22.83,3.0,1.0,1.0,3.0,1.0,1.29,1.0,1.0,1.0,1.0,1.0,260.0,800.0,1.0, [ - ]  [WRONG] [+: 4.36880868578e-16]  [-: 0.0] 
2.0,24.08,0.5,1.0,1.0,2.0,2.0,1.25,1.0,1.0,1.0,1.0,1.0,0.0,678.0,1.0, [ - ]  [WRONG] [+: 6.14443569688e-16]  [-: 0.0] 
1.0,18.67,5.0,1.0,1.0,2.0,1.0,0.375,1.0,1.0,2.0,1.0,1.0,0.0,38.0,2.0, [ - ]  [+: 0.0]  [-: 1.55926615929e-14] 
2.0,41.33,1.0,1.0,1.0,10.0,3.0,2.25,1.0,2.0,0.0,2.0,1.0,0.0,300.0,1.0, [ - ]  [WRONG] [+: 1.0509614603e-16]  [-: 0.0] 
1.0,17.92,0.205,1.0,1.0,12.0,1.0,0.04,2.0,2.0,0.0,1.0,1.0,280.0,750.0,2.0, [ - ]  [+: 0.0]  [-: 2.5409027128e-13] 
1.0,26.92,2.25,1.0,1.0,10.0,3.0,0.5,2.0,2.0,0.0,2.0,1.0,640.0,4000.0,2.0, [ + ]  [WRONG] [+: 0.0]  [-: 2.7016703774e-21] 
2.0,16.08,0.335,1.0,1.0,13.0,4.0,0.0,2.0,1.0,1.0,1.0,1.0,160.0,126.0,2.0, [ - ]  [+: 0.0]  [-: 2.48926558121e-13] 
1.0,33.75,2.75,1.0,1.0,10.0,3.0,0.0,2.0,2.0,0.0,1.0,1.0,180.0,0.0,2.0, [ - ]  [+: 0.0]  [-: 8.22433243848e-13] 
2.0,20.83,0.5,2.0,2.0,11.0,8.0,1.0,2.0,2.0,0.0,1.0,1.0,260.0,0.0,2.0, [ - ]  [+: 0.0]  [-: 1.04320546883e-12] 
2.0,56.83,4.25,2.0,2.0,13.0,4.0,5.0,2.0,2.0,0.0,2.0,1.0,0.0,4.0,2.0, [ - ]  [+: 0.0]  [-: 1.73138915869e-14] 
1.0,20.42,0.0,1.0,1.0,7.0,1.0,0.0,2.0,2.0,0.0,1.0,3.0,184.014771049,0.0,2.0, [ - ]  [+: 0.0]  [-: 2.47655710777e-13] 
1.0,40.58,3.29,1.0,1.0,3.0,1.0,3.5,2.0,2.0,0.0,2.0,2.0,400.0,0.0,2.0, [ - ]  [+: 0.0]  [-: 2.29986965586e-13] 
1.0,21.92,0.54,2.0,2.0,9.0,1.0,0.04,1.0,1.0,1.0,2.0,1.0,840.0,59.0,1.0, [ - ]  [WRONG] [+: 1.45660234833e-20]  [-: 0.0] 
1.0,33.17,1.0,1.0,1.0,9.0,1.0,0.75,1.0,1.0,7.0,2.0,1.0,340.0,4071.0,1.0, [ + ]  [+: 7.04914093736e-16]  [-: 0.0] 
2.0,46.08,3.0,1.0,1.0,7.0,1.0,2.375,1.0,1.0,8.0,2.0,1.0,396.0,4159.0,1.0, [ + ]  [+: 2.53457538615e-16]  [-: 0.0] 
1.0,32.0,1.75,2.0,2.0,11.0,2.0,0.04,1.0,2.0,0.0,2.0,1.0,393.0,0.0,1.0, [ - ]  [WRONG] [+: 3.50249685639e-17]  [-: 0.0] 
2.0,16.33,0.21,1.0,1.0,12.0,1.0,0.125,2.0,2.0,0.0,1.0,1.0,200.0,1.0,2.0, [ - ]  [+: 0.0]  [-: 3.05144822802e-13] 
1.0,31.5681710914,10.5,1.0,1.0,9.0,1.0,6.5,1.0,2.0,0.0,1.0,1.0,0.0,0.0,1.0, [ - ]  [WRONG] [+: 1.99451266383e-16]  [-: 0.0] 
1.0,50.75,0.585,1.0,1.0,13.0,4.0,0.0,2.0,2.0,0.0,1.0,1.0,145.0,0.0,2.0, [ - ]  [+: 0.0]  [-: 1.82249437702e-13] 
2.0,23.5,9.0,1.0,1.0,2.0,1.0,8.5,1.0,1.0,5.0,2.0,1.0,120.0,0.0,1.0, [ + ]  [+: 6.26821707154e-16]  [-: 0.0] 
2.0,36.75,5.125,1.0,1.0,11.0,1.0,5.0,1.0,2.0,0.0,2.0,1.0,0.0,4000.0,1.0, [ + ]  [+: 2.84703804609e-16]  [-: 0.0] 
1.0,30.17,0.5,1.0,1.0,7.0,1.0,1.75,1.0,1.0,11.0,1.0,1.0,32.0,540.0,1.0, [ + ]  [+: 3.25046686822e-16]  [-: 0.0] 
2.0,17.92,0.54,1.0,1.0,7.0,1.0,1.75,2.0,1.0,1.0,2.0,1.0,80.0,5.0,2.0, [ - ]  [+: 0.0]  [-: 1.10472983815e-13] 
1.0,34.75,2.5,1.0,1.0,5.0,3.0,0.5,2.0,2.0,0.0,1.0,1.0,348.0,0.0,2.0, [ - ]  [+: 0.0]  [-: 2.99036750675e-13] 
2.0,30.42,1.375,1.0,1.0,1.0,2.0,0.04,2.0,1.0,3.0,1.0,1.0,0.0,33.0,2.0, [ - ]  [+: 0.0]  [-: 5.02195931794e-14] 
1.0,28.0,3.0,1.0,1.0,1.0,1.0,0.75,2.0,2.0,0.0,2.0,1.0,300.0,67.0,2.0, [ - ]  [+: 0.0]  [-: 6.68765423214e-13] 
1.0,20.67,5.29,1.0,1.0,2.0,1.0,0.375,1.0,1.0,1.0,1.0,1.0,160.0,0.0,2.0, [ - ]  [+: 0.0]  [-: 3.86376473699e-14] 
1.0,30.58,2.71,2.0,2.0,3.0,1.0,0.125,2.0,2.0,0.0,2.0,2.0,80.0,0.0,2.0, [ - ]  [+: 0.0]  [-: 1.795991894e-12] 
1.0,39.17,2.5,2.0,2.0,10.0,2.0,10.0,2.0,2.0,0.0,2.0,2.0,200.0,0.0,2.0, [ - ]  [+: 0.0]  [-: 3.58859217986e-16] 
1.0,32.33,2.5,1.0,1.0,7.0,1.0,1.25,2.0,2.0,0.0,2.0,1.0,280.0,0.0,2.0, [ - ]  [+: 0.0]  [-: 6.93619978253e-13] 
2.0,46.67,0.46,1.0,1.0,5.0,2.0,0.415,1.0,1.0,11.0,2.0,1.0,440.0,6.0,1.0, [ + ]  [+: 1.29296980006e-16]  [-: 0.0] 
1.0,25.0,12.0,1.0,1.0,6.0,1.0,2.25,1.0,1.0,2.0,2.0,1.0,120.0,5.0,2.0, [ - ]  [+: 0.0]  [-: 1.45010867494e-14] 
2.0,23.0,1.835,1.0,1.0,14.0,5.0,0.0,2.0,1.0,1.0,1.0,1.0,200.0,53.0,2.0, [ - ]  [+: 0.0]  [-: 5.07498065954e-13] 
1.0,24.42,12.335,1.0,1.0,2.0,2.0,1.585,1.0,2.0,0.0,2.0,1.0,120.0,0.0,1.0, [ - ]  [WRONG] [+: 2.80762829622e-16]  [-: 0.0] 
1.0,48.75,26.335,2.0,2.0,13.0,4.0,0.0,1.0,2.0,0.0,2.0,1.0,0.0,0.0,2.0, [ - ]  [+: 0.0]  [-: 4.2008115409e-19] 
1.0,29.5,0.58,1.0,1.0,1.0,1.0,0.29,2.0,1.0,1.0,1.0,1.0,340.0,2803.0,2.0, [ - ]  [+: 0.0]  [-: 8.18473106753e-17] 
2.0,65.17,14.0,1.0,1.0,13.0,4.0,0.0,1.0,1.0,11.0,2.0,1.0,0.0,1400.0,1.0, [ + ]  [+: 7.19933120157e-19]  [-: 0.0] 
1.0,34.42,4.25,1.0,1.0,10.0,3.0,3.25,1.0,1.0,2.0,1.0,1.0,274.0,610.0,1.0, [ - ]  [WRONG] [+: 6.41218256485e-16]  [-: 0.0] 
1.0,32.08,4.0,1.0,1.0,3.0,1.0,2.5,1.0,2.0,0.0,2.0,1.0,360.0,0.0,1.0, [ - ]  [WRONG] [+: 1.49671734139e-16]  [-: 0.0] 
2.0,33.25,3.0,2.0,2.0,12.0,1.0,2.0,2.0,2.0,0.0,1.0,1.0,180.0,0.0,2.0, [ - ]  [+: 0.0]  [-: 1.96403601708e-12] 
2.0,31.5681710914,11.25,1.0,1.0,13.0,4.0,0.0,2.0,2.0,0.0,1.0,1.0,184.014771049,5200.0,2.0, [ + ]  [WRONG] [+: 0.0]  [-: 1.23135326939e-25] 
2.0,33.08,1.625,1.0,1.0,8.0,1.0,0.54,2.0,2.0,0.0,2.0,1.0,0.0,0.0,2.0, [ - ]  [+: 0.0]  [-: 4.69507188102e-13] 
1.0,17.08,0.25,1.0,1.0,2.0,1.0,0.335,2.0,1.0,4.0,1.0,1.0,160.0,8.0,2.0, [ - ]  [+: 0.0]  [-: 2.26420104987e-14] 
2.0,35.42,12.0,1.0,1.0,2.0,2.0,14.0,1.0,1.0,8.0,1.0,1.0,0.0,6590.0,1.0, [ + ]  [+: 2.85917197713e-17]  [-: 0.0] 
1.0,28.33,5.0,1.0,1.0,1.0,1.0,11.0,1.0,2.0,0.0,2.0,1.0,70.0,0.0,1.0, [ + ]  [+: 6.10705873183e-17]  [-: 0.0] 
2.0,47.0,13.0,1.0,1.0,10.0,3.0,5.165,1.0,1.0,9.0,2.0,1.0,0.0,0.0,1.0, [ + ]  [+: 1.35613972197e-16]  [-: 0.0] 
1.0,27.75,0.585,2.0,2.0,5.0,1.0,0.25,1.0,1.0,2.0,1.0,1.0,260.0,500.0,1.0, [ - ]  [WRONG] [+: 1.59820448784e-16]  [-: 0.0] 
1.0,23.75,12.0,1.0,1.0,7.0,1.0,2.085,2.0,2.0,0.0,1.0,2.0,80.0,0.0,2.0, [ - ]  [+: 0.0]  [-: 1.68618135238e-13] 
1.0,34.08,6.5,1.0,1.0,12.0,1.0,0.125,1.0,2.0,0.0,2.0,1.0,443.0,0.0,2.0, [ - ]  [+: 0.0]  [-: 6.85639295373e-14] 
2.0,36.0,1.0,1.0,1.0,7.0,1.0,2.0,1.0,1.0,11.0,1.0,1.0,0.0,456.0,1.0, [ + ]  [+: 3.36062707311e-16]  [-: 0.0] 
1.0,28.67,14.5,1.0,1.0,8.0,1.0,0.125,2.0,2.0,0.0,1.0,1.0,0.0,286.0,2.0, [ - ]  [+: 0.0]  [-: 4.13412998301e-14] 
1.0,21.08,10.085,2.0,2.0,11.0,2.0,1.25,2.0,2.0,0.0,1.0,1.0,260.0,0.0,2.0, [ - ]  [+: 0.0]  [-: 2.82949354168e-13] 
1.0,16.08,0.75,1.0,1.0,7.0,1.0,1.75,1.0,1.0,5.0,2.0,1.0,352.0,690.0,1.0, [ - ]  [WRONG] [+: 1.61390120722e-16]  [-: 0.0] 
1.0,23.25,4.0,1.0,1.0,7.0,3.0,0.25,1.0,2.0,0.0,2.0,1.0,160.0,0.0,1.0, [ - ]  [WRONG] [+: 2.29563779791e-16]  [-: 0.0] 
1.0,22.17,2.25,1.0,1.0,10.0,1.0,0.125,2.0,2.0,0.0,1.0,1.0,160.0,10.0,2.0, [ - ]  [+: 0.0]  [-: 7.76174244013e-13] 
1.0,22.17,0.585,2.0,2.0,13.0,4.0,0.0,2.0,2.0,0.0,1.0,1.0,100.0,0.0,2.0, [ - ]  [+: 0.0]  [-: 2.0062287778e-12] 
2.0,26.58,2.54,2.0,2.0,13.0,4.0,0.0,2.0,2.0,0.0,2.0,1.0,180.0,60.0,2.0, [ - ]  [+: 0.0]  [-: 3.09583803544e-12] 
2.0,38.75,1.5,1.0,1.0,13.0,4.0,0.0,2.0,2.0,0.0,1.0,1.0,76.0,0.0,2.0, [ - ]  [+: 0.0]  [-: 8.32037881153e-13] 
1.0,34.5,4.04,2.0,2.0,10.0,3.0,8.5,1.0,1.0,7.0,2.0,1.0,195.0,0.0,1.0, [ + ]  [+: 1.22676393586e-16]  [-: 0.0] 
2.0,22.67,0.75,1.0,1.0,7.0,1.0,2.0,2.0,1.0,2.0,2.0,1.0,200.0,394.0,2.0, [ - ]  [+: 0.0]  [-: 1.65869069884e-13] 
1.0,45.0,8.5,1.0,1.0,5.0,2.0,14.0,1.0,1.0,1.0,2.0,1.0,88.0,2000.0,1.0, [ + ]  [+: 6.25707620275e-17]  [-: 0.0] 
1.0,23.17,11.125,1.0,1.0,9.0,2.0,0.46,1.0,1.0,1.0,1.0,1.0,100.0,0.0,1.0, [ - ]  [WRONG] [+: 9.38180360529e-16]  [-: 0.0] 
2.0,47.75,8.0,1.0,1.0,7.0,1.0,7.875,1.0,1.0,6.0,2.0,1.0,0.0,1260.0,1.0, [ + ]  [+: 3.00491186061e-16]  [-: 0.0] 
1.0,23.08,2.5,1.0,1.0,7.0,1.0,1.085,1.0,1.0,11.0,2.0,1.0,60.0,2184.0,1.0, [ + ]  [+: 3.7777476755e-16]  [-: 0.0] 
1.0,31.58,0.75,2.0,2.0,12.0,1.0,3.5,2.0,2.0,0.0,2.0,1.0,320.0,0.0,2.0, [ - ]  [+: 0.0]  [-: 7.79186590399e-13] 
1.0,38.58,3.335,1.0,1.0,1.0,1.0,4.0,1.0,1.0,14.0,1.0,1.0,383.0,1344.0,1.0, [ + ]  [+: 1.49513345994e-16]  [-: 0.0] 
1.0,25.17,3.0,1.0,1.0,7.0,1.0,1.25,2.0,1.0,1.0,1.0,1.0,0.0,22.0,2.0, [ - ]  [+: 0.0]  [-: 2.03202666726e-13] 
1.0,32.25,14.0,2.0,2.0,13.0,4.0,0.0,2.0,1.0,2.0,1.0,1.0,160.0,1.0,2.0, [ - ]  [+: 0.0]  [-: 1.11208357059e-13] 
1.0,21.5,9.75,1.0,1.0,7.0,1.0,0.25,1.0,2.0,0.0,1.0,1.0,140.0,0.0,2.0, [ - ]  [+: 0.0]  [-: 5.97360097825e-14] 
1.0,23.5,2.75,1.0,1.0,13.0,4.0,4.5,2.0,2.0,0.0,1.0,1.0,160.0,25.0,2.0, [ - ]  [+: 0.0]  [-: 5.61612275342e-13] 
1.0,25.17,6.0,1.0,1.0,7.0,1.0,1.0,1.0,1.0,3.0,1.0,1.0,0.0,0.0,1.0, [ - ]  [WRONG] [+: 4.9428603348e-16]  [-: 0.0] 
1.0,34.92,2.5,1.0,1.0,1.0,1.0,0.0,1.0,2.0,0.0,2.0,1.0,239.0,200.0,1.0, [ - ]  [WRONG] [+: 2.15587400175e-16]  [-: 0.0] 
1.0,22.25,9.0,1.0,1.0,12.0,1.0,0.085,2.0,2.0,0.0,1.0,1.0,0.0,0.0,2.0, [ - ]  [+: 0.0]  [-: 2.311840558e-13] 
1.0,24.83,2.75,1.0,1.0,7.0,1.0,2.25,1.0,1.0,6.0,1.0,1.0,184.014771049,600.0,1.0, [ - ]  [WRONG] [+: 8.17707207468e-16]  [-: 0.0] 
2.0,69.5,6.0,1.0,1.0,13.0,4.0,0.0,2.0,2.0,0.0,1.0,2.0,0.0,0.0,2.0, [ - ]  [+: 0.0]  [-: 9.82001362558e-16] 
1.0,36.08,2.54,1.0,1.0,13.0,4.0,0.0,2.0,2.0,0.0,1.0,1.0,0.0,1000.0,2.0, [ - ]  [+: 0.0]  [-: 4.08594598649e-13] 
2.0,17.92,10.21,1.0,1.0,13.0,4.0,0.0,2.0,2.0,0.0,1.0,1.0,0.0,50.0,2.0, [ - ]  [+: 0.0]  [-: 2.04868860998e-13] 
1.0,19.0,1.75,2.0,2.0,7.0,1.0,2.335,2.0,2.0,0.0,2.0,1.0,112.0,6.0,2.0, [ - ]  [+: 0.0]  [-: 7.40400637407e-13] 
2.0,28.5,3.04,2.0,2.0,9.0,2.0,2.54,1.0,1.0,1.0,1.0,1.0,70.0,0.0,1.0, [ - ]  [WRONG] [+: 5.92695057331e-16]  [-: 0.0] 
1.0,23.58,0.835,1.0,1.0,10.0,2.0,0.085,2.0,2.0,0.0,2.0,1.0,220.0,5.0,2.0, [ - ]  [+: 0.0]  [-: 4.12418822194e-13] 
1.0,21.58,0.79,2.0,2.0,5.0,1.0,0.665,2.0,2.0,0.0,1.0,1.0,160.0,0.0,2.0, [ - ]  [+: 0.0]  [-: 6.93468942762e-13] 
1.0,17.25,3.0,1.0,1.0,6.0,1.0,0.04,2.0,2.0,0.0,2.0,1.0,160.0,40.0,2.0, [ - ]  [+: 0.0]  [-: 4.82628320405e-13] 
1.0,26.17,0.835,1.0,1.0,5.0,1.0,1.165,2.0,2.0,0.0,1.0,1.0,100.0,0.0,2.0, [ - ]  [+: 0.0]  [-: 3.8329908595e-13] 
1.0,24.75,0.54,1.0,1.0,3.0,1.0,1.0,2.0,2.0,0.0,2.0,1.0,120.0,1.0,2.0, [ - ]  [+: 0.0]  [-: 5.47033270582e-13] 
1.0,32.33,3.5,1.0,1.0,6.0,1.0,0.5,2.0,2.0,0.0,2.0,1.0,232.0,0.0,2.0, [ - ]  [+: 0.0]  [-: 1.02792005505e-12] 
1.0,23.0,0.625,2.0,2.0,12.0,1.0,0.125,1.0,2.0,0.0,1.0,1.0,180.0,1.0,2.0, [ - ]  [+: 0.0]  [-: 3.09359956386e-13] 
1.0,25.33,0.58,1.0,1.0,7.0,1.0,0.29,1.0,1.0,7.0,2.0,1.0,96.0,5124.0,1.0, [ + ]  [+: 4.65844263377e-16]  [-: 0.0] 
2.0,18.83,4.415,2.0,2.0,7.0,2.0,3.0,1.0,2.0,0.0,1.0,1.0,240.0,0.0,1.0, [ - ]  [WRONG] [+: 6.62956125813e-17]  [-: 0.0] 
1.0,36.33,3.79,1.0,1.0,1.0,1.0,1.165,1.0,2.0,0.0,2.0,1.0,200.0,0.0,2.0, [ - ]  [+: 0.0]  [-: 1.52709522648e-13] 
2.0,50.08,12.54,1.0,1.0,12.0,1.0,2.29,1.0,1.0,3.0,2.0,1.0,156.0,0.0,1.0, [ - ]  [WRONG] [+: 2.46081581252e-16]  [-: 0.0] 
2.0,48.17,1.335,1.0,1.0,10.0,7.0,0.335,2.0,2.0,0.0,1.0,1.0,0.0,120.0,2.0, [ - ]  [+: 0.0]  [-: 9.49599052112e-14] 
1.0,48.17,7.625,1.0,1.0,1.0,2.0,15.5,1.0,1.0,12.0,1.0,1.0,0.0,790.0,1.0, [ + ]  [+: 4.92120150373e-18]  [-: 0.0] 
2.0,22.42,5.665,1.0,1.0,2.0,1.0,2.585,1.0,1.0,7.0,1.0,1.0,129.0,3257.0,1.0, [ + ]  [+: 1.17590814522e-15]  [-: 0.0] 
2.0,20.5,11.835,1.0,1.0,7.0,2.0,6.0,1.0,2.0,0.0,1.0,1.0,340.0,0.0,1.0, [ - ]  [WRONG] [+: 8.03269426508e-17]  [-: 0.0] 
1.0,35.17,25.125,1.0,1.0,9.0,2.0,1.625,1.0,1.0,1.0,2.0,1.0,515.0,500.0,1.0, [ + ]  [+: 6.09681104465e-19]  [-: 0.0] 
2.0,25.25,13.5,2.0,2.0,13.0,4.0,2.0,2.0,1.0,1.0,2.0,1.0,200.0,1.0,2.0, [ - ]  [+: 0.0]  [-: 1.57215516916e-13] 
1.0,33.67,2.165,1.0,1.0,7.0,1.0,1.5,2.0,2.0,0.0,1.0,3.0,120.0,0.0,2.0, [ - ]  [+: 0.0]  [-: 4.85908519344e-13] 
2.0,19.5,0.165,1.0,1.0,2.0,1.0,0.04,2.0,2.0,0.0,2.0,1.0,380.0,0.0,2.0, [ - ]  [+: 0.0]  [-: 1.26833411013e-13] 
2.0,31.5681710914,1.5,1.0,1.0,13.0,4.0,0.0,2.0,1.0,2.0,2.0,1.0,200.0,105.0,2.0, [ - ]  [+: 0.0]  [-: 4.96156777641e-13] 
1.0,40.92,0.5,2.0,2.0,3.0,1.0,0.5,2.0,2.0,0.0,2.0,1.0,130.0,0.0,2.0, [ - ]  [+: 0.0]  [-: 6.99802151045e-13] 
1.0,58.58,2.71,1.0,1.0,7.0,1.0,2.415,2.0,2.0,0.0,2.0,1.0,320.0,0.0,2.0, [ - ]  [+: 0.0]  [-: 1.29533961802e-14] 
1.0,54.42,0.5,2.0,2.0,6.0,2.0,3.96,1.0,2.0,0.0,1.0,1.0,180.0,314.0,1.0, [ - ]  [WRONG] [+: 1.51523833364e-17]  [-: 0.0] 
2.0,18.58,10.0,1.0,1.0,8.0,1.0,0.415,2.0,2.0,0.0,1.0,1.0,80.0,42.0,2.0, [ - ]  [+: 0.0]  [-: 2.13255886812e-13] 
2.0,32.0,6.0,1.0,1.0,8.0,1.0,1.25,2.0,2.0,0.0,1.0,1.0,272.0,0.0,2.0, [ - ]  [+: 0.0]  [-: 9.59462725619e-13] 
2.0,31.75,3.0,2.0,2.0,14.0,5.0,0.0,2.0,2.0,0.0,1.0,1.0,160.0,20.0,2.0, [ - ]  [+: 0.0]  [-: 3.07787836003e-12] 
2.0,18.75,7.5,1.0,1.0,2.0,1.0,2.71,1.0,1.0,5.0,1.0,1.0,184.014771049,26726.0,1.0, [ + ]  [+: 7.45294191879e-18]  [-: 0.0] 
1.0,23.08,0.0,1.0,1.0,6.0,1.0,1.0,2.0,1.0,11.0,1.0,2.0,0.0,0.0,2.0, [ + ]  [WRONG] [+: 0.0]  [-: 4.27086624811e-19] 
1.0,31.5681710914,0.625,1.0,1.0,6.0,1.0,0.25,2.0,2.0,0.0,1.0,1.0,380.0,2010.0,2.0, [ - ]  [+: 0.0]  [-: 1.26331570866e-14] 
1.0,24.08,0.875,1.0,1.0,3.0,1.0,0.085,2.0,1.0,4.0,1.0,1.0,254.0,1950.0,2.0, [ - ]  [+: 0.0]  [-: 1.93730829197e-15] 
1.0,40.25,21.5,1.0,1.0,11.0,6.0,20.0,1.0,1.0,11.0,1.0,1.0,0.0,1200.0,1.0, [ + ]  [+: 5.5231576866e-21]  [-: 0.0] 
2.0,31.25,3.75,1.0,1.0,5.0,2.0,0.625,1.0,1.0,9.0,2.0,1.0,181.0,0.0,1.0, [ + ]  [+: 1.97691748081e-15]  [-: 0.0] 
1.0,18.5,2.0,1.0,1.0,10.0,1.0,1.5,1.0,1.0,2.0,1.0,1.0,120.0,300.0,1.0, [ - ]  [WRONG] [+: 2.34293448153e-16]  [-: 0.0] 
1.0,34.0,5.085,2.0,2.0,10.0,3.0,1.085,2.0,2.0,0.0,2.0,1.0,480.0,0.0,2.0, [ - ]  [+: 0.0]  [-: 5.77021626908e-13] 
1.0,25.08,1.71,1.0,1.0,9.0,1.0,1.665,1.0,1.0,1.0,2.0,1.0,395.0,20.0,1.0, [ - ]  [WRONG] [+: 3.91101847888e-16]  [-: 0.0] 
1.0,21.17,0.25,2.0,2.0,7.0,2.0,0.25,2.0,2.0,0.0,1.0,1.0,280.0,204.0,2.0, [ - ]  [+: 0.0]  [-: 5.54233257049e-13] 
1.0,54.83,15.5,1.0,1.0,11.0,6.0,0.0,1.0,1.0,20.0,1.0,1.0,152.0,130.0,2.0, [ + ]  [WRONG] [+: 0.0]  [-: 4.32064119895e-37] 
1.0,25.25,1.0,1.0,1.0,12.0,1.0,0.5,2.0,2.0,0.0,1.0,1.0,200.0,0.0,2.0, [ - ]  [+: 0.0]  [-: 8.02538268259e-13] 
1.0,27.83,1.0,2.0,2.0,8.0,2.0,3.0,2.0,2.0,0.0,1.0,1.0,176.0,537.0,2.0, [ - ]  [+: 0.0]  [-: 8.79605990993e-13] 
2.0,24.83,4.5,1.0,1.0,1.0,1.0,1.0,2.0,2.0,0.0,2.0,1.0,360.0,6.0,2.0, [ - ]  [+: 0.0]  [-: 4.61534342428e-13] 
1.0,40.83,3.5,1.0,1.0,10.0,3.0,0.5,2.0,2.0,0.0,1.0,2.0,1160.0,0.0,2.0, [ - ]  [+: 0.0]  [-: 1.07086873892e-18] 
2.0,57.08,0.335,1.0,1.0,10.0,3.0,1.0,1.0,2.0,0.0,2.0,1.0,252.0,2197.0,2.0, [ - ]  [+: 0.0]  [-: 5.26936638254e-17] 
1.0,15.17,7.0,1.0,1.0,11.0,1.0,1.0,2.0,2.0,0.0,1.0,1.0,600.0,0.0,2.0, [ - ]  [+: 0.0]  [-: 2.28315942207e-14] 
2.0,25.0,12.33,1.0,1.0,5.0,2.0,3.5,1.0,1.0,6.0,1.0,1.0,400.0,458.0,1.0, [ + ]  [+: 3.74173374118e-16]  [-: 0.0] 
1.0,64.08,20.0,1.0,1.0,9.0,2.0,17.5,1.0,1.0,9.0,2.0,1.0,0.0,1000.0,1.0, [ + ]  [+: 1.579634194e-20]  [-: 0.0] 
1.0,16.33,2.75,1.0,1.0,12.0,1.0,0.665,2.0,1.0,1.0,1.0,1.0,80.0,21.0,2.0, [ - ]  [+: 0.0]  [-: 1.7286125119e-13] 
1.0,37.33,6.5,1.0,1.0,3.0,2.0,4.25,1.0,1.0,12.0,2.0,1.0,93.0,0.0,1.0, [ + ]  [+: 9.6033787834e-16]  [-: 0.0] 
2.0,33.25,2.5,2.0,2.0,7.0,1.0,2.5,2.0,2.0,0.0,2.0,1.0,0.0,2.0,2.0, [ - ]  [+: 0.0]  [-: 6.97724203722e-13] 
1.0,36.75,0.125,2.0,2.0,7.0,1.0,1.5,2.0,2.0,0.0,2.0,1.0,232.0,113.0,1.0, [ - ]  [WRONG] [+: 4.63911516096e-18]  [-: 0.0] 
1.0,18.0,0.165,1.0,1.0,2.0,9.0,0.21,2.0,2.0,0.0,1.0,1.0,200.0,40.0,1.0, [ - ]  [WRONG] [+: 1.34232900458e-17]  [-: 0.0] 
2.0,37.33,2.5,1.0,1.0,10.0,2.0,0.21,2.0,2.0,0.0,1.0,1.0,260.0,246.0,2.0, [ - ]  [+: 0.0]  [-: 4.80168083167e-13] 
1.0,27.67,2.0,1.0,1.0,9.0,2.0,1.0,1.0,1.0,4.0,1.0,1.0,140.0,7544.0,1.0, [ + ]  [+: 1.658913194e-15]  [-: 0.0] 
2.0,29.58,1.75,2.0,2.0,6.0,1.0,1.25,2.0,2.0,0.0,2.0,1.0,280.0,0.0,2.0, [ - ]  [+: 0.0]  [-: 1.8536878657e-12] 
1.0,39.83,0.5,1.0,1.0,3.0,1.0,0.25,1.0,2.0,0.0,1.0,2.0,288.0,0.0,2.0, [ - ]  [+: 0.0]  [-: 1.21902207836e-13] 
2.0,27.33,1.665,1.0,1.0,13.0,4.0,0.0,2.0,2.0,0.0,1.0,1.0,340.0,1.0,2.0, [ - ]  [+: 0.0]  [-: 1.12546983056e-12] 
1.0,41.17,1.25,2.0,2.0,1.0,1.0,0.25,2.0,2.0,0.0,1.0,1.0,0.0,195.0,2.0, [ - ]  [+: 0.0]  [-: 4.58013913027e-13] 
1.0,20.08,0.25,1.0,1.0,2.0,1.0,0.125,2.0,2.0,0.0,1.0,1.0,200.0,0.0,2.0, [ - ]  [+: 0.0]  [-: 2.63010364328e-13] 
1.0,18.33,1.21,2.0,2.0,11.0,8.0,0.0,2.0,2.0,0.0,1.0,1.0,100.0,0.0,2.0, [ - ]  [+: 0.0]  [-: 7.66256727014e-13] 
1.0,53.92,9.625,1.0,1.0,11.0,1.0,8.665,1.0,1.0,5.0,1.0,1.0,0.0,0.0,1.0, [ + ]  [+: 1.0454617081e-16]  [-: 0.0] 
1.0,33.67,1.25,1.0,1.0,1.0,1.0,1.165,2.0,2.0,0.0,1.0,1.0,120.0,0.0,2.0, [ - ]  [+: 0.0]  [-: 6.3230584978e-13] 
1.0,36.33,2.125,2.0,2.0,1.0,1.0,0.085,1.0,1.0,1.0,1.0,1.0,50.0,1187.0,1.0, [ - ]  [WRONG] [+: 1.43337878157e-16]  [-: 0.0] 
2.0,22.5,11.0,2.0,2.0,2.0,1.0,3.0,1.0,2.0,0.0,2.0,1.0,268.0,0.0,2.0, [ - ]  [+: 0.0]  [-: 4.13054044228e-14] 
1.0,29.25,14.79,1.0,1.0,12.0,1.0,5.04,1.0,1.0,5.0,2.0,1.0,168.0,0.0,1.0, [ + ]  [+: 2.61247334128e-16]  [-: 0.0] 
1.0,18.08,6.75,2.0,2.0,3.0,1.0,0.04,2.0,2.0,0.0,1.0,1.0,140.0,0.0,2.0, [ - ]  [+: 0.0]  [-: 7.69265031393e-13] 
1.0,31.33,19.5,1.0,1.0,7.0,1.0,7.0,1.0,1.0,16.0,1.0,1.0,0.0,5000.0,1.0, [ + ]  [+: 5.32368906432e-18]  [-: 0.0] 
1.0,37.75,7.0,1.0,1.0,2.0,2.0,11.5,1.0,1.0,7.0,2.0,1.0,300.0,5.0,2.0, [ + ]  [WRONG] [+: 0.0]  [-: 1.68126523486e-21] 
2.0,19.58,0.665,1.0,1.0,1.0,1.0,1.665,2.0,2.0,0.0,1.0,1.0,220.0,5.0,2.0, [ - ]  [+: 0.0]  [-: 4.01797230481e-13] 
1.0,26.67,2.71,2.0,2.0,5.0,1.0,5.25,1.0,1.0,1.0,1.0,1.0,211.0,0.0,1.0, [ - ]  [WRONG] [+: 2.72642249346e-16]  [-: 0.0] 
2.0,23.5,1.5,1.0,1.0,1.0,1.0,0.875,2.0,2.0,0.0,2.0,1.0,160.0,0.0,2.0, [ - ]  [+: 0.0]  [-: 5.33155916165e-13] 
1.0,48.08,3.75,1.0,1.0,10.0,3.0,1.0,2.0,2.0,0.0,1.0,1.0,100.0,2.0,2.0, [ - ]  [+: 0.0]  [-: 2.02932633138e-13] 
1.0,42.83,4.625,1.0,1.0,2.0,1.0,4.58,1.0,2.0,0.0,1.0,2.0,0.0,0.0,1.0, [ - ]  [WRONG] [+: 1.11133180365e-16]  [-: 0.0] 
2.0,23.58,0.83,1.0,1.0,2.0,1.0,0.415,2.0,1.0,1.0,2.0,1.0,200.0,11.0,2.0, [ - ]  [+: 0.0]  [-: 1.46652867318e-13] 
1.0,33.17,2.25,2.0,2.0,5.0,1.0,3.5,2.0,2.0,0.0,2.0,1.0,200.0,141.0,2.0, [ - ]  [+: 0.0]  [-: 5.98241513581e-13] 
1.0,22.33,11.0,1.0,1.0,1.0,1.0,2.0,1.0,1.0,1.0,1.0,1.0,80.0,278.0,1.0, [ - ]  [WRONG] [+: 4.09555499806e-16]  [-: 0.0] 
2.0,26.92,13.5,1.0,1.0,2.0,2.0,5.0,1.0,1.0,2.0,1.0,1.0,0.0,5000.0,1.0, [ + ]  [+: 4.94324878843e-16]  [-: 0.0] 
2.0,19.67,0.21,1.0,1.0,2.0,2.0,0.29,1.0,1.0,11.0,1.0,1.0,80.0,99.0,1.0, [ + ]  [+: 3.74416833776e-16]  [-: 0.0] 
1.0,27.0,1.5,2.0,2.0,1.0,1.0,0.375,1.0,2.0,0.0,2.0,1.0,260.0,1065.0,1.0, [ - ]  [WRONG] [+: 4.55180058606e-17]  [-: 0.0] 
2.0,17.58,9.0,1.0,1.0,12.0,1.0,1.375,1.0,2.0,0.0,2.0,1.0,0.0,0.0,1.0, [ - ]  [WRONG] [+: 6.05073509687e-17]  [-: 0.0] 
2.0,23.0,11.75,1.0,1.0,9.0,2.0,0.5,1.0,1.0,2.0,2.0,1.0,300.0,551.0,1.0, [ - ]  [WRONG] [+: 8.13507131135e-16]  [-: 0.0] 
1.0,34.0,4.5,1.0,1.0,12.0,1.0,1.0,1.0,2.0,0.0,2.0,1.0,240.0,0.0,2.0, [ - ]  [+: 0.0]  [-: 2.12102408253e-13] 
1.0,32.25,1.5,1.0,1.0,7.0,1.0,0.25,2.0,2.0,0.0,2.0,1.0,372.0,122.0,2.0, [ - ]  [+: 0.0]  [-: 4.216360537e-13] 
2.0,49.83,13.585,1.0,1.0,6.0,2.0,8.5,1.0,2.0,0.0,2.0,1.0,0.0,0.0,1.0, [ + ]  [+: 1.94513444088e-17]  [-: 0.0] 
1.0,27.83,1.5,1.0,1.0,1.0,1.0,2.0,1.0,1.0,11.0,2.0,1.0,434.0,35.0,1.0, [ + ]  [+: 1.27481615049e-16]  [-: 0.0] 
1.0,22.08,0.83,1.0,1.0,7.0,2.0,2.165,2.0,2.0,0.0,2.0,1.0,128.0,0.0,1.0, [ - ]  [WRONG] [+: 2.22341906549e-17]  [-: 0.0] 
1.0,31.5681710914,4.0,2.0,2.0,10.0,1.0,0.085,2.0,2.0,0.0,2.0,1.0,411.0,0.0,2.0, [ - ]  [+: 0.0]  [-: 1.04372980917e-12] 
1.0,30.17,1.085,2.0,2.0,7.0,1.0,0.04,2.0,2.0,0.0,1.0,1.0,170.0,179.0,2.0, [ - ]  [+: 0.0]  [-: 1.41668974936e-12] 
2.0,21.75,11.75,1.0,1.0,7.0,1.0,0.25,2.0,2.0,0.0,2.0,1.0,180.0,0.0,2.0, [ - ]  [+: 0.0]  [-: 1.19022426861e-13] 
2.0,30.67,12.0,1.0,1.0,7.0,1.0,2.0,1.0,1.0,1.0,1.0,1.0,220.0,19.0,1.0, [ - ]  [WRONG] [+: 5.46968302015e-16]  [-: 0.0] 
1.0,26.83,0.54,1.0,1.0,6.0,4.0,0.0,2.0,2.0,0.0,1.0,1.0,100.0,0.0,2.0, [ - ]  [+: 0.0]  [-: 1.00230202927e-12] 
1.0,18.83,3.54,2.0,2.0,13.0,4.0,0.0,2.0,2.0,0.0,2.0,1.0,180.0,1.0,2.0, [ - ]  [+: 0.0]  [-: 2.06862328158e-12] 
2.0,15.83,7.625,1.0,1.0,2.0,1.0,0.125,2.0,1.0,1.0,2.0,1.0,0.0,160.0,2.0, [ - ]  [+: 0.0]  [-: 3.6427793501e-14] 
2.0,36.58,0.29,1.0,1.0,13.0,4.0,0.0,2.0,1.0,10.0,1.0,1.0,200.0,18.0,2.0, [ - ]  [+: 0.0]  [-: 9.05553663341e-18] 
1.0,19.42,6.5,1.0,1.0,1.0,2.0,1.46,1.0,1.0,7.0,1.0,1.0,80.0,2954.0,1.0, [ + ]  [+: 8.07388478599e-16]  [-: 0.0] 
1.0,37.33,2.665,1.0,1.0,5.0,1.0,0.165,2.0,2.0,0.0,2.0,1.0,0.0,501.0,2.0, [ - ]  [+: 0.0]  [-: 1.82931069055e-13] 
2.0,22.42,11.25,2.0,2.0,9.0,2.0,0.75,1.0,1.0,4.0,1.0,1.0,0.0,321.0,1.0, [ - ]  [WRONG] [+: 2.06877241446e-16]  [-: 0.0] 
1.0,32.42,2.165,2.0,2.0,6.0,4.0,0.0,2.0,2.0,0.0,1.0,1.0,120.0,0.0,2.0, [ - ]  [+: 0.0]  [-: 2.73938631563e-12] 
1.0,29.83,2.04,2.0,2.0,9.0,2.0,0.04,2.0,2.0,0.0,1.0,1.0,128.0,1.0,2.0, [ - ]  [+: 0.0]  [-: 3.11521596735e-13] 
1.0,40.92,2.25,2.0,2.0,9.0,2.0,10.0,1.0,2.0,0.0,2.0,1.0,176.0,0.0,2.0, [ + ]  [WRONG] [+: 0.0]  [-: 1.26615346306e-17] 
2.0,25.25,12.5,1.0,1.0,8.0,1.0,1.0,2.0,2.0,0.0,2.0,1.0,180.0,1062.0,2.0, [ - ]  [+: 0.0]  [-: 7.11381285938e-14] 
1.0,28.92,0.375,1.0,1.0,7.0,1.0,0.29,2.0,2.0,0.0,1.0,1.0,220.0,140.0,2.0, [ - ]  [+: 0.0]  [-: 6.36204007686e-13] 
1.0,22.75,11.0,1.0,1.0,2.0,1.0,2.5,1.0,1.0,7.0,2.0,1.0,100.0,809.0,1.0, [ + ]  [+: 7.85003254934e-16]  [-: 0.0] 
1.0,21.25,1.5,1.0,1.0,1.0,1.0,1.5,2.0,2.0,0.0,1.0,1.0,150.0,8.0,1.0, [ - ]  [WRONG] [+: 1.29785722593e-17]  [-: 0.0] 
1.0,31.67,16.165,1.0,1.0,8.0,1.0,3.0,1.0,1.0,9.0,1.0,1.0,250.0,730.0,1.0, [ + ]  [+: 9.25875358297e-17]  [-: 0.0] 
1.0,29.17,3.5,1.0,1.0,1.0,1.0,3.5,1.0,1.0,3.0,2.0,1.0,329.0,0.0,2.0, [ - ]  [+: 0.0]  [-: 1.91115549372e-14] 
2.0,21.5,6.0,1.0,1.0,12.0,1.0,2.5,1.0,1.0,3.0,1.0,1.0,80.0,918.0,1.0, [ - ]  [WRONG] [+: 5.32217282845e-16]  [-: 0.0] 
2.0,37.75,5.5,1.0,1.0,2.0,1.0,0.125,1.0,2.0,0.0,2.0,1.0,228.0,0.0,1.0, [ - ]  [WRONG] [+: 3.71170735799e-16]  [-: 0.0] 
1.0,62.5,12.75,2.0,2.0,7.0,2.0,5.0,1.0,2.0,0.0,1.0,1.0,112.0,0.0,2.0, [ - ]  [+: 0.0]  [-: 6.64688729674e-17] 
1.0,34.25,3.0,1.0,1.0,5.0,2.0,7.415,1.0,2.0,0.0,2.0,1.0,0.0,0.0,1.0, [ - ]  [WRONG] [+: 2.98221768793e-16]  [-: 0.0] 
1.0,48.33,12.0,1.0,1.0,3.0,1.0,16.0,1.0,2.0,0.0,1.0,2.0,110.0,0.0,1.0, [ + ]  [+: 4.52047593622e-19]  [-: 0.0] 
1.0,25.42,0.54,1.0,1.0,1.0,1.0,0.165,2.0,1.0,1.0,1.0,1.0,272.0,444.0,2.0, [ - ]  [+: 0.0]  [-: 2.1783886747e-13] 
2.0,20.33,10.0,1.0,1.0,7.0,2.0,1.0,1.0,1.0,4.0,1.0,1.0,50.0,1465.0,1.0, [ + ]  [+: 6.15650354136e-16]  [-: 0.0] 
1.0,47.17,5.835,1.0,1.0,1.0,1.0,5.5,2.0,2.0,0.0,1.0,1.0,465.0,150.0,2.0, [ - ]  [+: 0.0]  [-: 1.08500565142e-14] 
1.0,76.75,22.29,1.0,1.0,11.0,6.0,12.75,1.0,1.0,1.0,2.0,1.0,0.0,109.0,1.0, [ + ]  [+: 6.74689489126e-21]  [-: 0.0] 
2.0,41.0,2.04,2.0,2.0,2.0,2.0,0.125,1.0,1.0,23.0,2.0,1.0,455.0,1236.0,1.0, [ + ]  [+: 1.26015016019e-18]  [-: 0.0] 
2.0,23.42,0.79,2.0,2.0,2.0,1.0,1.5,1.0,1.0,2.0,2.0,1.0,80.0,400.0,1.0, [ - ]  [WRONG] [+: 2.06813169907e-16]  [-: 0.0] 
1.0,34.17,9.17,1.0,1.0,7.0,1.0,4.5,1.0,1.0,12.0,2.0,1.0,0.0,221.0,1.0, [ + ]  [+: 3.84776620741e-16]  [-: 0.0] 
1.0,73.42,17.75,1.0,1.0,13.0,4.0,0.0,1.0,2.0,0.0,2.0,1.0,0.0,0.0,1.0, [ - ]  [WRONG] [+: 1.46189009984e-20]  [-: 0.0] 
2.0,21.75,1.75,2.0,2.0,14.0,5.0,0.0,2.0,2.0,0.0,1.0,1.0,160.0,0.0,2.0, [ - ]  [+: 0.0]  [-: 2.14359724394e-12] 
1.0,23.92,0.665,1.0,1.0,7.0,1.0,0.165,2.0,2.0,0.0,1.0,1.0,100.0,0.0,1.0, [ - ]  [WRONG] [+: 9.98249688661e-18]  [-: 0.0] 
1.0,30.75,1.585,1.0,1.0,8.0,1.0,0.585,2.0,2.0,0.0,2.0,2.0,0.0,0.0,2.0, [ - ]  [+: 0.0]  [-: 7.32253295689e-13] 
1.0,24.58,13.5,2.0,2.0,13.0,4.0,0.0,2.0,2.0,0.0,1.0,1.0,184.014771049,0.0,2.0, [ - ]  [+: 0.0]  [-: 3.70532621246e-13] 
1.0,41.17,4.04,1.0,1.0,5.0,2.0,7.0,1.0,1.0,8.0,1.0,1.0,320.0,0.0,1.0, [ + ]  [+: 8.58068712894e-16]  [-: 0.0] 
1.0,63.33,0.54,1.0,1.0,7.0,1.0,0.585,1.0,1.0,3.0,2.0,1.0,180.0,0.0,2.0, [ - ]  [+: 0.0]  [-: 1.94015498546e-16] 
1.0,54.33,6.75,1.0,1.0,7.0,2.0,2.625,1.0,1.0,11.0,2.0,1.0,0.0,284.0,1.0, [ + ]  [+: 2.42769181671e-16]  [-: 0.0] 
1.0,33.5,1.75,1.0,1.0,9.0,2.0,4.5,1.0,1.0,4.0,2.0,1.0,253.0,857.0,1.0, [ + ]  [+: 2.60417121211e-15]  [-: 0.0] 
1.0,60.08,14.5,1.0,1.0,13.0,4.0,18.0,1.0,1.0,15.0,2.0,1.0,0.0,1000.0,1.0, [ + ]  [+: 1.73633957872e-21]  [-: 0.0] 
1.0,20.17,9.25,1.0,1.0,7.0,1.0,1.665,1.0,1.0,3.0,2.0,1.0,40.0,28.0,1.0, [ - ]  [WRONG] [+: 4.52496204536e-16]  [-: 0.0] 
1.0,22.67,2.54,2.0,2.0,7.0,2.0,2.585,1.0,2.0,0.0,1.0,1.0,0.0,0.0,1.0, [ - ]  [WRONG] [+: 4.89980299319e-17]  [-: 0.0] 
1.0,42.17,5.04,1.0,1.0,2.0,2.0,12.75,1.0,2.0,0.0,2.0,1.0,92.0,0.0,1.0, [ + ]  [+: 5.09011068275e-17]  [-: 0.0] 
1.0,47.67,0.29,1.0,1.0,7.0,3.0,15.0,1.0,1.0,20.0,1.0,1.0,0.0,15000.0,1.0, [ + ]  [+: 9.93621567975e-20]  [-: 0.0] 
1.0,41.92,0.42,1.0,1.0,7.0,2.0,0.21,1.0,1.0,6.0,1.0,1.0,220.0,948.0,1.0, [ + ]  [+: 7.11786115548e-16]  [-: 0.0] 
1.0,37.5,0.835,1.0,1.0,11.0,1.0,0.04,2.0,2.0,0.0,1.0,1.0,120.0,5.0,2.0, [ - ]  [+: 0.0]  [-: 3.66343270075e-13] 
1.0,31.0,2.085,1.0,1.0,7.0,1.0,0.085,2.0,2.0,0.0,1.0,1.0,300.0,0.0,2.0, [ - ]  [+: 0.0]  [-: 6.28630573581e-13] 
1.0,42.08,1.04,1.0,1.0,1.0,1.0,5.0,1.0,1.0,6.0,2.0,1.0,500.0,10000.0,1.0, [ + ]  [+: 4.99700859886e-17]  [-: 0.0] 
1.0,28.0,2.0,1.0,1.0,6.0,2.0,4.165,1.0,1.0,2.0,2.0,1.0,181.0,0.0,1.0, [ - ]  [WRONG] [+: 8.12918920758e-16]  [-: 0.0] 
1.0,27.83,1.5,1.0,1.0,1.0,1.0,2.25,2.0,1.0,1.0,2.0,1.0,100.0,3.0,2.0, [ - ]  [+: 0.0]  [-: 2.3205215925e-13] 
1.0,27.83,4.0,2.0,2.0,10.0,2.0,5.75,1.0,1.0,2.0,2.0,1.0,75.0,0.0,2.0, [ - ]  [+: 0.0]  [-: 1.11099775924e-14] 
1.0,25.67,12.5,1.0,1.0,5.0,1.0,1.21,1.0,1.0,67.0,2.0,1.0,140.0,258.0,1.0, [ + ]  [+: 8.84426230342e-37]  [-: 0.0] 
1.0,20.67,1.25,2.0,2.0,7.0,2.0,1.375,1.0,1.0,3.0,2.0,1.0,140.0,210.0,2.0, [ - ]  [+: 0.0]  [-: 3.44455758305e-14] 
1.0,21.0,3.0,2.0,2.0,8.0,1.0,1.085,1.0,1.0,8.0,2.0,1.0,160.0,1.0,1.0, [ - ]  [WRONG] [+: 9.16955416123e-17]  [-: 0.0] 
1.0,41.0,0.04,1.0,1.0,11.0,1.0,0.04,2.0,1.0,1.0,1.0,2.0,560.0,0.0,1.0, [ - ]  [WRONG] [+: 8.12572850379e-19]  [-: 0.0] 
1.0,24.08,9.0,1.0,1.0,12.0,1.0,0.25,2.0,2.0,0.0,2.0,1.0,0.0,0.0,2.0, [ - ]  [+: 0.0]  [-: 2.40367169962e-13] 
1.0,21.67,1.165,2.0,2.0,6.0,1.0,2.5,1.0,1.0,1.0,1.0,1.0,180.0,20.0,2.0, [ - ]  [+: 0.0]  [-: 1.45382360005e-13] 
2.0,25.0,11.0,2.0,2.0,12.0,1.0,4.5,1.0,2.0,0.0,1.0,1.0,120.0,0.0,2.0, [ - ]  [+: 0.0]  [-: 4.14719694553e-14] 
2.0,31.5681710914,3.5,1.0,1.0,8.0,1.0,3.0,1.0,2.0,0.0,2.0,1.0,300.0,0.0,2.0, [ - ]  [+: 0.0]  [-: 1.50073330441e-13] 
1.0,42.0,0.205,1.0,1.0,10.0,2.0,5.125,1.0,2.0,0.0,1.0,1.0,400.0,0.0,1.0, [ - ]  [WRONG] [+: 4.68974504248e-17]  [-: 0.0] 
1.0,22.92,3.165,2.0,2.0,7.0,1.0,0.165,2.0,2.0,0.0,1.0,1.0,160.0,1058.0,2.0, [ - ]  [+: 0.0]  [-: 6.06671097737e-13] 
1.0,27.67,0.75,1.0,1.0,2.0,2.0,0.165,2.0,2.0,0.0,2.0,1.0,220.0,251.0,2.0, [ - ]  [+: 0.0]  [-: 2.54003831679e-13] 
2.0,58.67,4.46,1.0,1.0,2.0,2.0,3.04,1.0,1.0,6.0,1.0,1.0,43.0,560.0,1.0, [ + ]  [+: 3.57150083199e-16]  [-: 0.0] 
2.0,25.0,0.875,1.0,1.0,9.0,2.0,1.04,1.0,2.0,0.0,2.0,1.0,160.0,5860.0,1.0, [ + ]  [+: 4.74472738727e-16]  [-: 0.0] 
1.0,34.83,4.0,1.0,1.0,8.0,3.0,12.5,1.0,2.0,0.0,2.0,1.0,184.014771049,0.0,2.0, [ + ]  [WRONG] [+: 0.0]  [-: 2.59977957118e-19] 
1.0,21.5,11.5,1.0,1.0,10.0,1.0,0.5,1.0,2.0,0.0,2.0,1.0,100.0,68.0,2.0, [ - ]  [+: 0.0]  [-: 4.00210716579e-14] 
1.0,16.17,0.04,1.0,1.0,7.0,1.0,0.04,2.0,2.0,0.0,1.0,1.0,0.0,0.0,1.0, [ - ]  [WRONG] [+: 2.87281778536e-18]  [-: 0.0] 
2.0,44.33,0.0,1.0,1.0,7.0,1.0,2.5,1.0,2.0,0.0,1.0,1.0,0.0,0.0,1.0, [ - ]  [WRONG] [+: 9.43784738353e-17]  [-: 0.0] 
1.0,31.5681710914,0.5,1.0,1.0,7.0,3.0,0.835,1.0,2.0,0.0,2.0,2.0,320.0,0.0,2.0, [ - ]  [+: 0.0]  [-: 1.39181049186e-13] 
1.0,25.75,0.5,1.0,1.0,7.0,1.0,1.46,1.0,1.0,5.0,2.0,1.0,312.0,0.0,1.0, [ - ]  [WRONG] [+: 4.24436200997e-16]  [-: 0.0] 
2.0,35.17,3.75,1.0,1.0,13.0,4.0,0.0,2.0,1.0,6.0,1.0,1.0,0.0,200.0,2.0, [ - ]  [+: 0.0]  [-: 1.16589237182e-14] 
1.0,17.67,4.46,1.0,1.0,7.0,1.0,0.25,2.0,2.0,0.0,1.0,2.0,80.0,0.0,2.0, [ - ]  [+: 0.0]  [-: 4.92789664554e-13] 
2.0,30.25,5.5,1.0,1.0,6.0,1.0,5.5,2.0,2.0,0.0,2.0,2.0,100.0,0.0,2.0, [ - ]  [+: 0.0]  [-: 1.76083640514e-13] 
1.0,43.17,5.0,1.0,1.0,10.0,3.0,2.25,2.0,2.0,0.0,2.0,1.0,141.0,0.0,2.0, [ - ]  [+: 0.0]  [-: 3.559437036e-13] 
1.0,37.58,0.0,1.0,1.0,7.0,1.0,0.0,2.0,2.0,0.0,1.0,3.0,184.014771049,0.0,1.0, [ - ]  [WRONG] [+: 1.69787945319e-17]  [-: 0.0] 
1.0,27.83,1.54,1.0,1.0,1.0,1.0,3.75,1.0,1.0,5.0,2.0,1.0,100.0,3.0,1.0, [ - ]  [WRONG] [+: 9.66280707914e-16]  [-: 0.0] 
1.0,31.92,4.46,1.0,1.0,5.0,2.0,6.04,1.0,1.0,3.0,1.0,1.0,311.0,300.0,1.0, [ - ]  [WRONG] [+: 1.40038986417e-15]  [-: 0.0] 
2.0,24.75,13.665,1.0,1.0,2.0,2.0,1.5,2.0,2.0,0.0,1.0,1.0,280.0,1.0,2.0, [ - ]  [+: 0.0]  [-: 3.01510408665e-14] 
1.0,22.92,0.17,1.0,1.0,3.0,1.0,0.085,2.0,2.0,0.0,1.0,2.0,0.0,0.0,2.0, [ - ]  [+: 0.0]  [-: 3.87410723606e-13] 
1.0,33.17,3.165,2.0,2.0,9.0,1.0,3.165,1.0,1.0,3.0,2.0,1.0,380.0,0.0,1.0, [ - ]  [WRONG] [+: 2.34403887519e-16]  [-: 0.0] 
1.0,23.92,0.585,2.0,2.0,5.0,2.0,0.125,2.0,2.0,0.0,1.0,1.0,240.0,1.0,2.0, [ - ]  [+: 0.0]  [-: 4.47166280996e-13] 
2.0,20.67,3.0,1.0,1.0,2.0,1.0,0.165,1.0,1.0,3.0,1.0,1.0,100.0,6.0,1.0, [ - ]  [WRONG] [+: 6.32073993501e-16]  [-: 0.0] 
1.0,39.08,6.0,1.0,1.0,3.0,1.0,1.29,1.0,1.0,5.0,2.0,1.0,108.0,1097.0,1.0, [ - ]  [WRONG] [+: 1.08696572836e-15]  [-: 0.0] 
1.0,20.42,7.0,1.0,1.0,7.0,1.0,1.625,1.0,1.0,3.0,1.0,1.0,200.0,1391.0,1.0, [ - ]  [WRONG] [+: 6.29973282884e-16]  [-: 0.0] 
1.0,21.33,10.5,1.0,1.0,7.0,1.0,3.0,1.0,2.0,0.0,2.0,1.0,0.0,0.0,1.0, [ - ]  [WRONG] [+: 1.03029272741e-16]  [-: 0.0] 
2.0,23.58,11.5,2.0,2.0,6.0,2.0,3.0,2.0,2.0,0.0,2.0,1.0,20.0,16.0,2.0, [ - ]  [+: 0.0]  [-: 1.36991796838e-13] 
1.0,48.25,25.085,1.0,1.0,1.0,1.0,1.75,1.0,1.0,3.0,1.0,1.0,120.0,14.0,1.0, [ + ]  [+: 1.66370663729e-18]  [-: 0.0] 
1.0,21.83,1.54,1.0,1.0,6.0,1.0,0.085,2.0,2.0,0.0,2.0,1.0,356.0,0.0,2.0, [ - ]  [+: 0.0]  [-: 4.607081537e-13] 
1.0,34.08,0.08,2.0,2.0,3.0,3.0,0.04,1.0,1.0,1.0,2.0,1.0,280.0,2000.0,1.0, [ - ]  [WRONG] [+: 1.20009833525e-16]  [-: 0.0] 
1.0,65.42,11.0,1.0,1.0,11.0,6.0,20.0,1.0,1.0,7.0,2.0,1.0,22.0,0.0,1.0, [ + ]  [+: 2.11252317618e-20]  [-: 0.0] 
2.0,28.17,0.375,1.0,1.0,2.0,1.0,0.585,1.0,1.0,4.0,1.0,1.0,80.0,0.0,1.0, [ - ]  [WRONG] [+: 7.33390894736e-16]  [-: 0.0] 
2.0,24.75,3.0,1.0,1.0,2.0,2.0,1.835,1.0,1.0,19.0,1.0,1.0,0.0,500.0,1.0, [ + ]  [+: 8.84664592164e-17]  [-: 0.0] 
2.0,15.83,0.585,1.0,1.0,7.0,2.0,1.5,1.0,1.0,2.0,1.0,1.0,100.0,0.0,1.0, [ - ]  [WRONG] [+: 3.80708347379e-16]  [-: 0.0] 
1.0,33.0,2.5,2.0,2.0,1.0,1.0,7.0,2.0,2.0,0.0,2.0,1.0,280.0,0.0,2.0, [ - ]  [+: 0.0]  [-: 3.97809045289e-14] 
2.0,34.83,1.25,2.0,2.0,10.0,2.0,0.5,2.0,2.0,0.0,2.0,1.0,160.0,0.0,2.0, [ - ]  [+: 0.0]  [-: 9.70892119513e-13] 
2.0,35.75,0.915,1.0,1.0,12.0,1.0,0.75,1.0,1.0,4.0,1.0,1.0,0.0,1583.0,1.0, [ - ]  [WRONG] [+: 3.38362248996e-16]  [-: 0.0] 
1.0,29.58,4.75,1.0,1.0,3.0,1.0,2.0,2.0,1.0,1.0,2.0,1.0,460.0,68.0,2.0, [ - ]  [+: 0.0]  [-: 1.3602296503e-13] 
1.0,31.25,1.125,1.0,1.0,13.0,4.0,0.0,2.0,1.0,1.0,1.0,1.0,96.0,19.0,2.0, [ - ]  [+: 0.0]  [-: 5.69085881621e-13] 
1.0,36.17,5.5,1.0,1.0,10.0,3.0,5.0,2.0,2.0,0.0,1.0,1.0,210.0,687.0,2.0, [ - ]  [+: 0.0]  [-: 1.47478715955e-13] 
1.0,23.42,0.585,1.0,1.0,7.0,2.0,0.085,1.0,2.0,0.0,1.0,1.0,180.0,0.0,2.0, [ - ]  [+: 0.0]  [-: 7.55473542308e-14] 
2.0,19.17,0.585,2.0,2.0,12.0,1.0,0.585,1.0,2.0,0.0,2.0,1.0,160.0,0.0,2.0, [ - ]  [+: 0.0]  [-: 2.0856891091e-13] 
1.0,57.42,8.5,1.0,1.0,11.0,2.0,7.0,1.0,1.0,3.0,1.0,1.0,0.0,0.0,1.0, [ + ]  [+: 1.69313627806e-16]  [-: 0.0] 
2.0,18.25,10.0,1.0,1.0,1.0,1.0,1.0,2.0,1.0,1.0,1.0,1.0,120.0,1.0,2.0, [ - ]  [+: 0.0]  [-: 7.56625908044e-14] 
1.0,57.83,7.04,1.0,1.0,3.0,1.0,14.0,1.0,1.0,6.0,2.0,1.0,360.0,1332.0,1.0, [ + ]  [+: 4.27634427398e-18]  [-: 0.0] 
1.0,28.25,5.04,2.0,2.0,7.0,3.0,1.5,1.0,1.0,8.0,2.0,1.0,144.0,7.0,1.0, [ + ]  [+: 3.36748873343e-16]  [-: 0.0] 
1.0,23.58,0.46,2.0,2.0,1.0,1.0,2.625,1.0,1.0,6.0,2.0,1.0,208.0,347.0,2.0, [ - ]  [+: 0.0]  [-: 2.72697823818e-15] 
2.0,41.58,1.04,1.0,1.0,12.0,1.0,0.665,2.0,2.0,0.0,1.0,1.0,240.0,237.0,2.0, [ - ]  [+: 0.0]  [-: 4.57103718262e-13] 
1.0,23.17,0.0,1.0,1.0,5.0,1.0,0.085,1.0,2.0,0.0,1.0,1.0,0.0,0.0,1.0, [ - ]  [WRONG] [+: 8.44524856732e-17]  [-: 0.0] 
1.0,41.42,5.0,1.0,1.0,2.0,2.0,5.0,1.0,1.0,6.0,2.0,1.0,470.0,0.0,1.0, [ + ]  [+: 3.51305005869e-16]  [-: 0.0] 
1.0,32.67,9.0,2.0,2.0,1.0,2.0,5.25,1.0,2.0,0.0,2.0,1.0,154.0,0.0,1.0, [ - ]  [WRONG] [+: 1.3828845776e-16]  [-: 0.0] 
1.0,20.0,7.0,1.0,1.0,7.0,1.0,0.5,2.0,2.0,0.0,1.0,1.0,0.0,0.0,2.0, [ - ]  [+: 0.0]  [-: 2.53955695234e-13] 
2.0,17.83,11.0,1.0,1.0,9.0,2.0,1.0,1.0,1.0,11.0,1.0,1.0,0.0,3000.0,1.0, [ + ]  [+: 3.45249478094e-16]  [-: 0.0] 
2.0,24.5,0.5,1.0,1.0,2.0,2.0,1.5,1.0,2.0,0.0,1.0,1.0,280.0,824.0,1.0, [ - ]  [WRONG] [+: 2.57504158105e-16]  [-: 0.0] 
1.0,39.58,13.915,1.0,1.0,1.0,1.0,8.625,1.0,1.0,6.0,2.0,1.0,70.0,0.0,1.0, [ + ]  [+: 1.95390025164e-16]  [-: 0.0] 
1.0,29.75,0.665,1.0,1.0,1.0,1.0,0.25,2.0,2.0,0.0,2.0,1.0,300.0,0.0,2.0, [ - ]  [+: 0.0]  [-: 4.80020455289e-13] 
1.0,34.17,2.75,1.0,1.0,10.0,3.0,2.5,2.0,2.0,0.0,2.0,1.0,232.0,200.0,2.0, [ - ]  [+: 0.0]  [-: 7.49704631995e-13] 
2.0,27.25,0.29,1.0,1.0,3.0,2.0,0.125,2.0,1.0,1.0,2.0,1.0,272.0,108.0,2.0, [ - ]  [+: 0.0]  [-: 1.38544268192e-13] 
2.0,18.42,9.25,1.0,1.0,2.0,1.0,1.21,1.0,1.0,4.0,1.0,1.0,60.0,540.0,1.0, [ - ]  [WRONG] [+: 5.35921651723e-16]  [-: 0.0] 
1.0,39.92,0.54,2.0,2.0,12.0,1.0,0.5,1.0,1.0,3.0,1.0,1.0,200.0,1000.0,1.0, [ - ]  [WRONG] [+: 1.10286183127e-16]  [-: 0.0] 
2.0,60.58,16.5,1.0,1.0,2.0,1.0,11.0,1.0,2.0,0.0,2.0,1.0,21.0,10561.0,1.0, [ + ]  [+: 8.84922323248e-19]  [-: 0.0] 
1.0,34.0,5.5,2.0,2.0,7.0,1.0,1.5,2.0,2.0,0.0,2.0,1.0,60.0,0.0,2.0, [ - ]  [+: 0.0]  [-: 1.12946152692e-12] 
1.0,29.42,1.25,1.0,1.0,7.0,2.0,0.25,2.0,1.0,2.0,2.0,1.0,400.0,108.0,2.0, [ - ]  [+: 0.0]  [-: 8.19730749938e-14] 
2.0,28.42,3.5,1.0,1.0,1.0,1.0,0.835,1.0,2.0,0.0,1.0,2.0,280.0,0.0,1.0, [ - ]  [WRONG] [+: 9.95158183758e-17]  [-: 0.0] 
1.0,27.58,2.04,2.0,2.0,12.0,1.0,2.0,1.0,1.0,3.0,2.0,1.0,370.0,560.0,1.0, [ - ]  [WRONG] [+: 7.76754479456e-17]  [-: 0.0] 
1.0,44.25,0.5,1.0,1.0,3.0,1.0,10.75,1.0,2.0,0.0,1.0,2.0,400.0,0.0,2.0, [ + ]  [WRONG] [+: 0.0]  [-: 3.20449847383e-18] 
2.0,20.08,1.25,1.0,1.0,7.0,1.0,0.0,2.0,2.0,0.0,1.0,1.0,0.0,0.0,2.0, [ - ]  [+: 0.0]  [-: 2.29609641836e-13] 
1.0,47.67,2.5,1.0,1.0,3.0,3.0,2.5,1.0,1.0,12.0,2.0,1.0,410.0,2510.0,1.0, [ + ]  [+: 1.14896756147e-16]  [-: 0.0] 
2.0,47.25,0.75,1.0,1.0,2.0,2.0,2.75,1.0,1.0,1.0,1.0,1.0,333.0,892.0,1.0, [ - ]  [WRONG] [+: 5.4643447839e-16]  [-: 0.0] 
1.0,41.5,1.54,1.0,1.0,10.0,3.0,3.5,2.0,2.0,0.0,1.0,1.0,216.0,0.0,1.0, [ - ]  [WRONG] [+: 1.33657864063e-17]  [-: 0.0] 
1.0,16.5,0.125,1.0,1.0,7.0,1.0,0.165,2.0,2.0,0.0,1.0,1.0,132.0,0.0,2.0, [ - ]  [+: 0.0]  [-: 2.47120040947e-13] 
1.0,25.83,12.835,1.0,1.0,5.0,1.0,0.5,2.0,2.0,0.0,1.0,1.0,0.0,2.0,2.0, [ - ]  [+: 0.0]  [-: 4.20295935117e-14] 
1.0,26.17,0.25,1.0,1.0,10.0,3.0,0.0,1.0,2.0,0.0,2.0,1.0,0.0,0.0,1.0, [ - ]  [WRONG] [+: 5.90309434291e-17]  [-: 0.0] 
1.0,22.08,11.46,1.0,1.0,6.0,1.0,1.585,2.0,2.0,0.0,2.0,1.0,100.0,1212.0,2.0, [ - ]  [+: 0.0]  [-: 6.083423029e-14] 
2.0,24.5,2.415,2.0,2.0,7.0,1.0,0.0,2.0,2.0,0.0,1.0,1.0,120.0,0.0,2.0, [ - ]  [+: 0.0]  [-: 1.19495559918e-12] 
1.0,28.25,5.125,1.0,1.0,9.0,1.0,4.75,1.0,1.0,2.0,1.0,1.0,420.0,7.0,1.0, [ - ]  [WRONG] [+: 4.60683222307e-16]  [-: 0.0] 
1.0,20.67,0.415,1.0,1.0,7.0,1.0,0.125,2.0,2.0,0.0,1.0,1.0,0.0,44.0,2.0, [ - ]  [+: 0.0]  [-: 2.3676498451e-13] 
2.0,40.83,10.0,1.0,1.0,2.0,2.0,1.75,1.0,2.0,0.0,1.0,1.0,29.0,837.0,1.0, [ - ]  [WRONG] [+: 3.52146865724e-16]  [-: 0.0] 
1.0,20.67,0.835,2.0,2.0,7.0,1.0,2.0,2.0,2.0,0.0,2.0,2.0,240.0,0.0,2.0, [ - ]  [+: 0.0]  [-: 1.24211529013e-12] 
2.0,24.58,0.67,1.0,1.0,12.0,2.0,1.75,1.0,2.0,0.0,1.0,1.0,400.0,0.0,2.0, [ - ]  [+: 0.0]  [-: 5.92805003501e-14] 
1.0,20.42,7.5,1.0,1.0,6.0,1.0,1.5,1.0,1.0,1.0,1.0,1.0,160.0,234.0,1.0, [ - ]  [WRONG] [+: 2.96618465391e-16]  [-: 0.0] 
1.0,23.5,3.165,2.0,2.0,6.0,1.0,0.415,2.0,1.0,1.0,2.0,1.0,280.0,80.0,2.0, [ - ]  [+: 0.0]  [-: 7.71176312706e-13] 
2.0,25.75,0.5,1.0,1.0,7.0,2.0,0.875,1.0,2.0,0.0,2.0,1.0,491.0,0.0,1.0, [ - ]  [WRONG] [+: 2.99066324201e-17]  [-: 0.0] 
2.0,49.0,1.5,1.0,1.0,14.0,5.0,0.0,1.0,2.0,0.0,2.0,1.0,100.0,27.0,2.0, [ - ]  [+: 0.0]  [-: 4.55483484288e-14] 
1.0,20.5,10.0,2.0,2.0,7.0,1.0,2.5,1.0,2.0,0.0,1.0,2.0,40.0,0.0,1.0, [ - ]  [WRONG] [+: 1.52877914541e-17]  [-: 0.0] 
2.0,28.67,1.04,1.0,1.0,7.0,1.0,2.5,1.0,1.0,5.0,2.0,1.0,300.0,1430.0,1.0, [ - ]  [WRONG] [+: 6.89891031861e-16]  [-: 0.0] 
2.0,47.42,8.0,1.0,1.0,11.0,3.0,6.5,1.0,1.0,6.0,1.0,1.0,375.0,51100.0,1.0, [ + ]  [+: 1.85946394662e-24]  [-: 0.0] 
1.0,27.25,1.665,1.0,1.0,5.0,2.0,5.085,1.0,1.0,9.0,1.0,1.0,399.0,827.0,1.0, [ + ]  [+: 4.45123660857e-16]  [-: 0.0] 
1.0,36.67,2.0,1.0,1.0,10.0,1.0,0.25,2.0,2.0,0.0,2.0,1.0,221.0,0.0,2.0, [ - ]  [+: 0.0]  [-: 7.30649696565e-13] 
2.0,18.92,9.25,2.0,2.0,7.0,1.0,1.0,1.0,1.0,4.0,2.0,1.0,80.0,500.0,1.0, [ - ]  [WRONG] [+: 1.34374102805e-16]  [-: 0.0] 
1.0,42.83,1.25,1.0,1.0,3.0,1.0,13.875,2.0,1.0,1.0,2.0,1.0,352.0,112.0,2.0, [ + ]  [WRONG] [+: 0.0]  [-: 4.18422586117e-21] 
1.0,16.0,3.125,1.0,1.0,1.0,1.0,0.085,2.0,1.0,1.0,1.0,1.0,0.0,6.0,2.0, [ - ]  [+: 0.0]  [-: 8.09244431363e-14] 
2.0,30.5,6.5,1.0,1.0,7.0,3.0,4.0,1.0,1.0,7.0,2.0,1.0,0.0,3065.0,1.0, [ + ]  [+: 1.05505350092e-15]  [-: 0.0] 
1.0,33.58,0.335,2.0,2.0,5.0,1.0,0.085,2.0,2.0,0.0,1.0,1.0,180.0,0.0,2.0, [ - ]  [+: 0.0]  [-: 7.33681417381e-13] 
2.0,18.83,9.5,1.0,1.0,1.0,1.0,1.625,1.0,1.0,6.0,2.0,1.0,40.0,600.0,1.0, [ + ]  [+: 4.47752067911e-16]  [-: 0.0] 
1.0,19.17,0.0,2.0,2.0,3.0,3.0,0.0,2.0,2.0,0.0,2.0,2.0,500.0,1.0,1.0, [ - ]  [WRONG] [+: 1.04223526266e-19]  [-: 0.0] 
1.0,22.5,11.5,2.0,2.0,3.0,1.0,1.5,2.0,2.0,0.0,2.0,1.0,0.0,4000.0,2.0, [ + ]  [WRONG] [+: 0.0]  [-: 1.14076482514e-20] 
1.0,23.75,0.415,2.0,2.0,7.0,1.0,0.04,2.0,1.0,2.0,1.0,1.0,128.0,6.0,2.0, [ - ]  [+: 0.0]  [-: 3.52256119616e-13] 
1.0,29.5,2.0,2.0,2.0,11.0,2.0,2.0,2.0,2.0,0.0,1.0,1.0,256.0,17.0,2.0, [ - ]  [+: 0.0]  [-: 8.62956294211e-13] 
1.0,20.0,0.0,1.0,1.0,8.0,1.0,0.5,2.0,2.0,0.0,1.0,1.0,144.0,0.0,2.0, [ - ]  [+: 0.0]  [-: 5.11553779484e-13] 
2.0,16.0,0.165,1.0,1.0,12.0,1.0,1.0,2.0,1.0,2.0,2.0,1.0,320.0,1.0,2.0, [ - ]  [+: 0.0]  [-: 8.57845314013e-14] 
1.0,35.17,2.5,1.0,1.0,6.0,1.0,4.5,1.0,1.0,7.0,1.0,1.0,150.0,1270.0,1.0, [ + ]  [+: 5.74168828944e-16]  [-: 0.0] 
1.0,21.08,4.125,2.0,2.0,10.0,2.0,0.04,2.0,2.0,0.0,1.0,1.0,140.0,100.0,2.0, [ - ]  [+: 0.0]  [-: 1.01254924752e-12] 
2.0,22.5,8.5,1.0,1.0,2.0,1.0,1.75,1.0,1.0,10.0,1.0,1.0,80.0,990.0,2.0, [ + ]  [WRONG] [+: 0.0]  [-: 2.34508291051e-19] 
2.0,20.67,1.835,1.0,1.0,2.0,1.0,2.085,1.0,1.0,5.0,1.0,1.0,220.0,2503.0,1.0, [ + ]  [+: 7.81180279151e-16]  [-: 0.0] 
1.0,36.25,5.0,1.0,1.0,7.0,3.0,2.5,1.0,1.0,6.0,1.0,1.0,0.0,367.0,1.0, [ - ]  [WRONG] [+: 8.80270365787e-16]  [-: 0.0] 
1.0,20.42,1.085,1.0,1.0,2.0,1.0,1.5,2.0,2.0,0.0,1.0,1.0,108.0,7.0,2.0, [ - ]  [+: 0.0]  [-: 3.10554390205e-13] 
1.0,35.0,2.5,1.0,1.0,10.0,1.0,1.0,2.0,2.0,0.0,2.0,1.0,210.0,0.0,2.0, [ - ]  [+: 0.0]  [-: 9.25884094983e-13] 
1.0,24.58,1.25,1.0,1.0,7.0,1.0,0.25,2.0,2.0,0.0,1.0,1.0,110.0,0.0,2.0, [ - ]  [+: 0.0]  [-: 5.52574361425e-13] 
1.0,23.08,11.5,1.0,1.0,10.0,1.0,3.5,1.0,1.0,9.0,1.0,1.0,56.0,742.0,1.0, [ + ]  [+: 2.12490102917e-16]  [-: 0.0] 
1.0,43.25,3.0,1.0,1.0,2.0,2.0,6.0,1.0,1.0,11.0,1.0,1.0,80.0,0.0,1.0, [ + ]  [+: 8.60383990323e-16]  [-: 0.0] 
1.0,37.5,1.75,2.0,2.0,7.0,3.0,0.25,1.0,2.0,0.0,2.0,1.0,164.0,400.0,2.0, [ - ]  [+: 0.0]  [-: 2.14413335287e-13] 
1.0,47.83,4.165,1.0,1.0,9.0,3.0,0.085,2.0,2.0,0.0,2.0,1.0,520.0,0.0,2.0, [ - ]  [+: 0.0]  [-: 1.08709226373e-14] 
1.0,51.83,3.0,2.0,2.0,13.0,4.0,1.5,2.0,2.0,0.0,1.0,1.0,180.0,4.0,2.0, [ - ]  [+: 0.0]  [-: 4.88216222395e-13] 
2.0,23.58,0.585,2.0,2.0,13.0,4.0,0.125,2.0,2.0,0.0,1.0,1.0,120.0,87.0,2.0, [ - ]  [+: 0.0]  [-: 2.31434646012e-12] 
2.0,18.17,10.0,2.0,2.0,2.0,2.0,0.165,2.0,2.0,0.0,1.0,1.0,340.0,0.0,2.0, [ - ]  [+: 0.0]  [-: 1.1887061187e-13] 
2.0,22.92,1.25,1.0,1.0,2.0,1.0,0.25,2.0,2.0,0.0,2.0,1.0,120.0,809.0,2.0, [ - ]  [+: 0.0]  [-: 2.05571195813e-13] 
1.0,56.58,18.5,1.0,1.0,8.0,3.0,15.0,1.0,1.0,17.0,2.0,1.0,0.0,0.0,1.0, [ + ]  [+: 3.14746809127e-20]  [-: 0.0] 
1.0,23.17,0.0,1.0,1.0,7.0,1.0,0.0,2.0,2.0,0.0,1.0,3.0,184.014771049,0.0,1.0, [ - ]  [WRONG] [+: 1.2128503308e-17]  [-: 0.0] 
1.0,25.0,11.25,1.0,1.0,7.0,1.0,2.5,1.0,1.0,17.0,1.0,1.0,200.0,1208.0,1.0, [ + ]  [+: 9.42191970898e-17]  [-: 0.0] 
1.0,22.67,1.585,2.0,2.0,1.0,1.0,3.085,1.0,1.0,6.0,1.0,1.0,80.0,0.0,1.0, [ - ]  [WRONG] [+: 1.62142538545e-16]  [-: 0.0] 
2.0,32.17,1.46,1.0,1.0,1.0,1.0,1.085,1.0,1.0,16.0,1.0,1.0,120.0,2079.0,1.0, [ + ]  [+: 1.85255124198e-16]  [-: 0.0] 
1.0,40.58,5.0,1.0,1.0,7.0,1.0,5.0,1.0,1.0,7.0,1.0,1.0,0.0,3065.0,1.0, [ + ]  [+: 6.28174427205e-16]  [-: 0.0] 
1.0,30.33,0.5,1.0,1.0,8.0,2.0,0.085,2.0,2.0,0.0,2.0,2.0,252.0,0.0,2.0, [ - ]  [+: 0.0]  [-: 6.2668768319e-13] 
1.0,23.0,0.75,1.0,1.0,3.0,1.0,0.5,1.0,2.0,0.0,2.0,2.0,320.0,0.0,2.0, [ - ]  [+: 0.0]  [-: 1.42059722434e-13] 
1.0,26.5,2.71,2.0,2.0,7.0,1.0,0.085,2.0,2.0,0.0,1.0,2.0,80.0,0.0,2.0, [ - ]  [+: 0.0]  [-: 1.77096575256e-12] 
1.0,49.17,2.29,1.0,1.0,13.0,4.0,0.29,2.0,2.0,0.0,1.0,1.0,200.0,3.0,2.0, [ - ]  [+: 0.0]  [-: 3.34662717226e-13] 
1.0,19.5,0.29,1.0,1.0,6.0,1.0,0.29,2.0,2.0,0.0,1.0,1.0,280.0,364.0,2.0, [ - ]  [+: 0.0]  [-: 4.89483730005e-13] 
1.0,34.75,15.0,1.0,1.0,4.0,9.0,5.375,1.0,1.0,9.0,2.0,1.0,0.0,134.0,1.0, [ + ]  [+: 6.04832370889e-16]  [-: 0.0] 
2.0,24.92,1.25,1.0,1.0,13.0,4.0,0.0,1.0,2.0,0.0,1.0,1.0,80.0,0.0,2.0, [ - ]  [+: 0.0]  [-: 2.51140627166e-13] 
1.0,29.42,1.25,1.0,1.0,1.0,1.0,1.75,2.0,2.0,0.0,1.0,1.0,200.0,0.0,2.0, [ - ]  [+: 0.0]  [-: 7.25569523123e-13] 
1.0,20.42,1.835,1.0,1.0,7.0,1.0,2.25,1.0,1.0,1.0,1.0,1.0,100.0,150.0,1.0, [ - ]  [WRONG] [+: 4.34370246213e-16]  [-: 0.0] 
1.0,38.42,0.705,1.0,1.0,7.0,1.0,0.375,2.0,1.0,2.0,1.0,1.0,225.0,500.0,2.0, [ - ]  [+: 0.0]  [-: 1.56239210588e-13] 
2.0,22.67,7.0,1.0,1.0,7.0,1.0,0.165,2.0,2.0,0.0,1.0,1.0,160.0,0.0,2.0, [ - ]  [+: 0.0]  [-: 4.7986727727e-13] 
2.0,28.5,1.0,1.0,1.0,2.0,1.0,1.0,1.0,1.0,2.0,2.0,1.0,167.0,500.0,2.0, [ - ]  [+: 0.0]  [-: 3.32581794227e-14] 
1.0,47.33,6.5,1.0,1.0,7.0,1.0,1.0,2.0,2.0,0.0,2.0,1.0,0.0,228.0,2.0, [ - ]  [+: 0.0]  [-: 1.0045093897e-13] 
1.0,54.58,9.415,1.0,1.0,13.0,4.0,14.415,1.0,1.0,11.0,2.0,1.0,30.0,300.0,1.0, [ + ]  [+: 4.11785292667e-19]  [-: 0.0] 
1.0,25.67,3.25,1.0,1.0,7.0,2.0,2.29,2.0,1.0,1.0,2.0,1.0,416.0,21.0,2.0, [ - ]  [+: 0.0]  [-: 9.56156474636e-14] 
2.0,24.33,2.5,2.0,2.0,10.0,3.0,4.5,2.0,2.0,0.0,1.0,1.0,200.0,456.0,2.0, [ - ]  [+: 0.0]  [-: 5.65014932269e-13] 
1.0,28.17,0.125,2.0,2.0,6.0,1.0,0.085,2.0,2.0,0.0,1.0,1.0,216.0,2100.0,2.0, [ - ]  [+: 0.0]  [-: 2.5928675327e-14] 
2.0,24.5,1.04,2.0,2.0,13.0,4.0,0.5,1.0,1.0,3.0,1.0,1.0,180.0,147.0,2.0, [ - ]  [+: 0.0]  [-: 1.6407156739e-13] 
1.0,25.5,0.375,1.0,1.0,3.0,1.0,0.25,1.0,1.0,3.0,1.0,1.0,260.0,15108.0,1.0, [ + ]  [+: 9.23202266486e-17]  [-: 0.0] 
1.0,36.42,0.75,2.0,2.0,8.0,1.0,0.585,2.0,2.0,0.0,1.0,1.0,240.0,3.0,2.0, [ - ]  [+: 0.0]  [-: 1.5713122093e-12] 
1.0,52.5,6.5,1.0,1.0,6.0,1.0,6.29,1.0,1.0,15.0,1.0,1.0,0.0,11202.0,1.0, [ + ]  [+: 1.81276589417e-17]  [-: 0.0] 
1.0,26.25,1.54,1.0,1.0,1.0,1.0,0.125,2.0,2.0,0.0,1.0,1.0,100.0,0.0,2.0, [ - ]  [+: 0.0]  [-: 5.57730655173e-13] 
2.0,22.83,2.29,1.0,1.0,2.0,2.0,2.29,1.0,1.0,7.0,2.0,1.0,140.0,2384.0,1.0, [ + ]  [+: 1.74273907463e-15]  [-: 0.0] 
1.0,39.33,5.875,1.0,1.0,5.0,2.0,10.0,1.0,1.0,14.0,2.0,1.0,399.0,0.0,1.0, [ + ]  [+: 9.37684747657e-17]  [-: 0.0] 
