2.0,26.17,2.0,1.0,1.0,14.0,5.0,0.0,2.0,2.0,0.0,2.0,1.0,276.0,1.0,2.0, [ - ]  [+: 0.0]  [-: 1.10074598585e-12] 
1.0,26.67,1.75,2.0,2.0,7.0,1.0,1.0,1.0,1.0,5.0,2.0,1.0,160.0,5777.0,1.0, [ + ]  [+: 2.05880529817e-16]  [-: 0.0] 
1.0,34.25,1.75,1.0,1.0,1.0,3.0,0.25,1.0,2.0,0.0,2.0,1.0,163.0,0.0,2.0, [ - ]  [+: 0.0]  [-: 1.17329129543e-13] 
2.0,22.58,10.75,1.0,1.0,2.0,1.0,0.415,1.0,1.0,5.0,2.0,1.0,0.0,560.0,1.0, [ - ]  [WRONG] [+: 4.57835930568e-16]  [-: 0.0] 
2.0,20.42,10.5,2.0,2.0,9.0,2.0,0.0,2.0,2.0,0.0,2.0,1.0,154.0,32.0,2.0, [ - ]  [+: 0.0]  [-: 7.20542036102e-14] 
1.0,21.83,11.0,1.0,1.0,9.0,1.0,0.29,1.0,1.0,6.0,1.0,1.0,121.0,0.0,1.0, [ + ]  [+: 6.63386463589e-16]  [-: 0.0] 
1.0,23.58,1.79,1.0,1.0,7.0,1.0,0.54,2.0,2.0,0.0,2.0,1.0,136.0,1.0,2.0, [ - ]  [+: 0.0]  [-: 5.63573088791e-13] 
1.0,32.33,7.5,1.0,1.0,11.0,3.0,1.585,1.0,2.0,0.0,2.0,2.0,420.0,0.0,2.0, [ - ]  [+: 0.0]  [-: 6.87695775574e-14] 
2.0,40.33,7.54,2.0,2.0,2.0,2.0,8.0,1.0,1.0,14.0,1.0,1.0,0.0,2300.0,1.0, [ + ]  [+: 8.21143619226e-17]  [-: 0.0] 
1.0,31.08,1.5,2.0,2.0,1.0,1.0,0.04,2.0,2.0,0.0,1.0,2.0,160.0,0.0,2.0, [ - ]  [+: 0.0]  [-: 1.89532073948e-12] 
1.0,38.92,1.75,1.0,1.0,6.0,1.0,0.5,2.0,2.0,0.0,2.0,1.0,300.0,2.0,2.0, [ - ]  [+: 0.0]  [-: 5.65381543569e-13] 
1.0,32.92,2.5,1.0,1.0,12.0,1.0,1.75,2.0,1.0,2.0,2.0,1.0,720.0,0.0,2.0, [ - ]  [+: 0.0]  [-: 6.06913027271e-15] 
1.0,29.58,4.5,1.0,1.0,1.0,1.0,7.5,1.0,1.0,2.0,2.0,1.0,330.0,0.0,1.0, [ - ]  [WRONG] [+: 4.57325937476e-16]  [-: 0.0] 
2.0,26.08,8.665,1.0,1.0,12.0,1.0,1.415,1.0,2.0,0.0,1.0,1.0,160.0,150.0,1.0, [ - ]  [WRONG] [+: 1.74610490434e-16]  [-: 0.0] 
1.0,25.58,0.335,1.0,1.0,6.0,2.0,3.5,2.0,2.0,0.0,2.0,1.0,340.0,0.0,2.0, [ - ]  [+: 0.0]  [-: 2.13838520357e-13] 
1.0,48.75,8.5,1.0,1.0,7.0,2.0,12.5,1.0,1.0,9.0,1.0,1.0,181.0,1655.0,1.0, [ + ]  [+: 7.10762323231e-17]  [-: 0.0] 
1.0,40.92,0.835,1.0,1.0,13.0,4.0,0.0,1.0,2.0,0.0,1.0,1.0,130.0,1.0,2.0, [ - ]  [+: 0.0]  [-: 1.79868757579e-13] 
1.0,30.17,6.5,1.0,1.0,5.0,1.0,3.125,1.0,1.0,8.0,1.0,1.0,330.0,1200.0,1.0, [ + ]  [+: 8.80443973584e-16]  [-: 0.0] 
1.0,27.58,3.25,2.0,2.0,2.0,2.0,5.085,2.0,1.0,2.0,2.0,1.0,369.0,1.0,2.0, [ - ]  [+: 0.0]  [-: 3.54434735459e-14] 
1.0,29.92,1.835,1.0,1.0,7.0,2.0,4.335,1.0,2.0,0.0,1.0,1.0,260.0,200.0,1.0, [ - ]  [WRONG] [+: 3.21775000819e-16]  [-: 0.0] 
1.0,28.58,3.625,1.0,1.0,12.0,1.0,0.25,2.0,2.0,0.0,2.0,1.0,100.0,0.0,2.0, [ - ]  [+: 0.0]  [-: 7.9641653166e-13] 
1.0,21.33,7.5,1.0,1.0,12.0,1.0,1.415,1.0,1.0,1.0,1.0,1.0,80.0,9800.0,1.0, [ + ]  [+: 2.32578280013e-16]  [-: 0.0] 
1.0,31.67,0.83,1.0,1.0,9.0,1.0,1.335,1.0,1.0,8.0,2.0,1.0,303.0,3290.0,1.0, [ + ]  [+: 8.93575829154e-16]  [-: 0.0] 
1.0,23.42,1.0,1.0,1.0,7.0,1.0,0.5,2.0,2.0,0.0,2.0,2.0,280.0,0.0,2.0, [ - ]  [+: 0.0]  [-: 6.79441668164e-13] 
1.0,18.58,5.71,1.0,1.0,8.0,1.0,0.54,2.0,2.0,0.0,1.0,1.0,120.0,0.0,2.0, [ - ]  [+: 0.0]  [-: 5.80103649113e-13] 
2.0,27.58,3.0,1.0,1.0,3.0,1.0,2.79,2.0,1.0,1.0,2.0,1.0,280.0,10.0,2.0, [ - ]  [+: 0.0]  [-: 2.48328939045e-13] 
1.0,39.5,4.25,1.0,1.0,7.0,3.0,6.5,1.0,1.0,16.0,1.0,1.0,117.0,1210.0,1.0, [ + ]  [+: 2.16777867656e-16]  [-: 0.0] 
1.0,25.67,2.21,2.0,2.0,12.0,1.0,4.0,1.0,2.0,0.0,1.0,1.0,188.0,0.0,2.0, [ - ]  [+: 0.0]  [-: 2.15319004511e-13] 
1.0,29.83,1.25,2.0,2.0,6.0,1.0,0.25,2.0,2.0,0.0,1.0,1.0,224.0,0.0,2.0, [ - ]  [+: 0.0]  [-: 2.02129567935e-12] 
1.0,13.75,4.0,2.0,2.0,1.0,1.0,1.75,1.0,1.0,2.0,2.0,1.0,120.0,1000.0,1.0, [ - ]  [WRONG] [+: 9.52507268614e-17]  [-: 0.0] 
1.0,38.17,10.125,1.0,1.0,9.0,1.0,2.5,1.0,1.0,6.0,1.0,1.0,520.0,196.0,1.0, [ + ]  [+: 1.13449635863e-16]  [-: 0.0] 
1.0,31.83,2.5,1.0,1.0,12.0,1.0,7.5,1.0,2.0,0.0,2.0,1.0,523.0,0.0,2.0, [ - ]  [+: 0.0]  [-: 7.22150799667e-16] 
1.0,32.83,2.5,1.0,1.0,5.0,2.0,2.75,1.0,1.0,6.0,1.0,1.0,160.0,2072.0,1.0, [ + ]  [+: 2.39142122265e-15]  [-: 0.0] 
2.0,52.17,0.0,2.0,2.0,13.0,4.0,0.0,2.0,2.0,0.0,1.0,1.0,0.0,0.0,2.0, [ - ]  [+: 0.0]  [-: 1.4458162374e-13] 
2.0,44.17,6.665,1.0,1.0,2.0,1.0,7.375,1.0,1.0,3.0,2.0,1.0,0.0,0.0,1.0, [ + ]  [+: 6.12708285219e-16]  [-: 0.0] 
2.0,45.83,10.5,1.0,1.0,2.0,1.0,5.0,1.0,1.0,7.0,2.0,1.0,0.0,0.0,1.0, [ + ]  [+: 5.52228956367e-16]  [-: 0.0] 
1.0,36.67,3.25,1.0,1.0,2.0,2.0,9.0,1.0,2.0,0.0,2.0,1.0,102.0,639.0,1.0, [ + ]  [+: 2.962077508e-16]  [-: 0.0] 
1.0,51.83,2.04,2.0,2.0,13.0,4.0,1.5,2.0,2.0,0.0,1.0,1.0,120.0,1.0,2.0, [ - ]  [+: 0.0]  [-: 4.18420669198e-13] 
1.0,31.08,3.085,1.0,1.0,7.0,1.0,2.5,2.0,1.0,2.0,2.0,1.0,160.0,41.0,2.0, [ - ]  [+: 0.0]  [-: 2.41749248973e-13] 
1.0,56.42,28.0,2.0,2.0,7.0,1.0,28.5,1.0,1.0,40.0,1.0,1.0,0.0,15.0,1.0, [ + ]  [+: 2.92667420252e-35]  [-: 0.0] 
2.0,18.83,9.54,1.0,1.0,12.0,1.0,0.085,1.0,2.0,0.0,1.0,1.0,100.0,0.0,1.0, [ - ]  [WRONG] [+: 7.04685295888e-17]  [-: 0.0] 
1.0,40.58,1.5,1.0,1.0,10.0,3.0,0.0,2.0,2.0,0.0,1.0,2.0,300.0,0.0,2.0, [ - ]  [+: 0.0]  [-: 5.63345921812e-13] 
2.0,17.33,9.5,1.0,1.0,12.0,1.0,1.75,2.0,1.0,10.0,2.0,1.0,0.0,10.0,2.0, [ + ]  [WRONG] [+: 0.0]  [-: 1.1096862219e-18] 
1.0,20.5,2.415,1.0,1.0,7.0,1.0,2.0,1.0,1.0,11.0,2.0,1.0,200.0,3000.0,1.0, [ + ]  [+: 4.02896483453e-16]  [-: 0.0] 
2.0,38.92,1.665,1.0,1.0,12.0,1.0,0.25,2.0,2.0,0.0,1.0,1.0,0.0,390.0,2.0, [ - ]  [+: 0.0]  [-: 3.2674565046e-13] 
1.0,37.42,2.04,1.0,1.0,1.0,1.0,0.04,1.0,2.0,0.0,2.0,1.0,400.0,5800.0,1.0, [ + ]  [+: 6.48912010657e-17]  [-: 0.0] 
1.0,21.92,0.5,1.0,1.0,7.0,1.0,0.125,2.0,2.0,0.0,1.0,1.0,360.0,0.0,2.0, [ - ]  [+: 0.0]  [-: 3.17748857911e-13] 
1.0,19.33,9.5,1.0,1.0,2.0,1.0,1.0,1.0,2.0,0.0,2.0,1.0,60.0,400.0,1.0, [ - ]  [WRONG] [+: 1.56995458498e-16]  [-: 0.0] 
1.0,21.0,4.79,2.0,2.0,1.0,1.0,2.25,1.0,1.0,1.0,2.0,1.0,80.0,300.0,1.0, [ - ]  [WRONG] [+: 1.79436394604e-16]  [-: 0.0] 
1.0,21.17,0.875,2.0,2.0,7.0,2.0,0.25,2.0,2.0,0.0,1.0,1.0,280.0,204.0,2.0, [ - ]  [+: 0.0]  [-: 6.14170325559e-13] 
1.0,59.67,1.54,1.0,1.0,2.0,1.0,0.125,1.0,2.0,0.0,2.0,1.0,260.0,0.0,1.0, [ - ]  [WRONG] [+: 3.34037918956e-17]  [-: 0.0] 
1.0,19.42,1.5,2.0,2.0,5.0,1.0,2.0,1.0,2.0,0.0,2.0,1.0,100.0,20.0,2.0, [ - ]  [+: 0.0]  [-: 1.16787694308e-13] 
2.0,64.08,0.165,1.0,1.0,13.0,4.0,0.0,1.0,1.0,1.0,1.0,1.0,232.0,100.0,1.0, [ - ]  [WRONG] [+: 2.71346143928e-18]  [-: 0.0] 
2.0,20.75,9.54,1.0,1.0,10.0,1.0,0.04,2.0,2.0,0.0,1.0,1.0,200.0,1000.0,2.0, [ - ]  [+: 0.0]  [-: 1.63298246292e-13] 
2.0,27.67,1.5,1.0,1.0,3.0,1.0,2.0,1.0,2.0,0.0,1.0,2.0,368.0,0.0,2.0, [ - ]  [+: 0.0]  [-: 1.60192060403e-13] 
1.0,21.42,0.75,2.0,2.0,4.0,9.0,0.75,2.0,2.0,0.0,2.0,1.0,132.0,2.0,2.0, [ + ]  [WRONG] [+: 0.0]  [-: 0.0] 
1.0,24.17,0.875,1.0,1.0,2.0,1.0,4.625,1.0,1.0,2.0,2.0,1.0,520.0,2000.0,1.0, [ + ]  [+: 6.76216151034e-17]  [-: 0.0] 
1.0,26.75,2.0,1.0,1.0,8.0,1.0,0.75,2.0,2.0,0.0,2.0,1.0,80.0,0.0,2.0, [ - ]  [+: 0.0]  [-: 7.84929114844e-13] 
2.0,22.67,0.335,1.0,1.0,2.0,1.0,0.75,2.0,2.0,0.0,1.0,2.0,160.0,0.0,2.0, [ - ]  [+: 0.0]  [-: 4.64505139266e-13] 
1.0,20.17,5.625,1.0,1.0,1.0,1.0,1.71,1.0,2.0,0.0,1.0,2.0,120.0,0.0,1.0, [ - ]  [WRONG] [+: 8.98696320625e-17]  [-: 0.0] 
2.0,23.25,5.875,1.0,1.0,2.0,1.0,3.17,1.0,1.0,10.0,1.0,1.0,120.0,245.0,1.0, [ + ]  [+: 9.33162940756e-16]  [-: 0.0] 
1.0,43.08,0.375,2.0,2.0,7.0,1.0,0.375,1.0,1.0,8.0,2.0,1.0,300.0,162.0,1.0, [ + ]  [+: 8.88407730194e-17]  [-: 0.0] 
1.0,28.67,9.335,1.0,1.0,2.0,2.0,5.665,1.0,1.0,6.0,1.0,1.0,381.0,168.0,1.0, [ + ]  [+: 6.63930438424e-16]  [-: 0.0] 
1.0,16.33,4.085,1.0,1.0,10.0,2.0,0.415,2.0,2.0,0.0,2.0,1.0,120.0,0.0,2.0, [ - ]  [+: 0.0]  [-: 2.72231890479e-13] 
2.0,22.5,8.46,2.0,2.0,9.0,1.0,2.46,2.0,2.0,0.0,1.0,1.0,164.0,0.0,1.0, [ - ]  [WRONG] [+: 9.46018960175e-18]  [-: 0.0] 
2.0,33.75,0.75,1.0,1.0,6.0,3.0,1.0,1.0,1.0,3.0,2.0,1.0,212.0,0.0,2.0, [ - ]  [+: 0.0]  [-: 3.62562407846e-14] 
1.0,17.42,6.5,1.0,1.0,10.0,1.0,0.125,2.0,2.0,0.0,1.0,1.0,60.0,100.0,2.0, [ - ]  [+: 0.0]  [-: 3.68923682783e-13] 
1.0,18.08,5.5,1.0,1.0,6.0,1.0,0.5,1.0,2.0,0.0,1.0,1.0,80.0,0.0,1.0, [ - ]  [WRONG] [+: 5.96219806413e-17]  [-: 0.0] 
2.0,18.92,9.0,1.0,1.0,12.0,1.0,0.75,1.0,1.0,2.0,1.0,1.0,88.0,591.0,1.0, [ - ]  [WRONG] [+: 2.87092334538e-16]  [-: 0.0] 
2.0,25.17,2.875,1.0,1.0,9.0,2.0,0.875,1.0,2.0,0.0,1.0,1.0,360.0,0.0,1.0, [ - ]  [WRONG] [+: 2.51470906417e-16]  [-: 0.0] 
1.0,42.0,9.79,1.0,1.0,9.0,2.0,7.96,1.0,1.0,8.0,1.0,1.0,0.0,0.0,1.0, [ + ]  [+: 6.78331677888e-16]  [-: 0.0] 
1.0,18.83,0.0,1.0,1.0,2.0,1.0,0.665,2.0,2.0,0.0,1.0,1.0,160.0,1.0,2.0, [ - ]  [+: 0.0]  [-: 2.41368185689e-13] 
1.0,45.33,1.0,1.0,1.0,2.0,1.0,0.125,2.0,2.0,0.0,2.0,1.0,263.0,0.0,2.0, [ - ]  [+: 0.0]  [-: 1.25455917214e-13] 
1.0,34.42,1.335,1.0,1.0,10.0,3.0,0.125,2.0,2.0,0.0,2.0,1.0,440.0,4500.0,2.0, [ + ]  [WRONG] [+: 0.0]  [-: 1.42975929618e-22] 
1.0,28.25,0.875,1.0,1.0,3.0,1.0,0.96,1.0,1.0,3.0,2.0,1.0,396.0,0.0,1.0, [ - ]  [WRONG] [+: 2.1464530992e-16]  [-: 0.0] 
1.0,20.08,0.125,1.0,1.0,2.0,1.0,1.0,2.0,1.0,1.0,1.0,1.0,240.0,768.0,1.0, [ - ]  [WRONG] [+: 3.28058051603e-17]  [-: 0.0] 
2.0,18.08,0.375,3.0,3.0,5.0,4.0,10.0,2.0,2.0,0.0,2.0,2.0,300.0,0.0,1.0, [ + ]  [+: 2.01322640576e-18]  [-: 0.0] 
1.0,22.08,11.0,1.0,1.0,5.0,1.0,0.665,1.0,2.0,0.0,1.0,1.0,100.0,0.0,1.0, [ - ]  [WRONG] [+: 1.52838318046e-16]  [-: 0.0] 
1.0,22.0,7.835,2.0,2.0,10.0,3.0,0.165,2.0,2.0,0.0,2.0,1.0,184.014771049,0.0,2.0, [ - ]  [+: 0.0]  [-: 9.67455982208e-13] 
1.0,42.75,3.0,1.0,1.0,10.0,3.0,1.0,1.0,2.0,0.0,1.0,1.0,0.0,200.0,2.0, [ - ]  [+: 0.0]  [-: 6.67221913797e-14] 
1.0,56.75,12.25,1.0,1.0,3.0,1.0,1.25,1.0,1.0,4.0,2.0,1.0,200.0,0.0,1.0, [ - ]  [WRONG] [+: 1.26745513601e-16]  [-: 0.0] 
2.0,21.67,11.5,2.0,2.0,14.0,5.0,0.0,1.0,1.0,11.0,2.0,1.0,0.0,0.0,1.0, [ + ]  [+: 7.43912813425e-18]  [-: 0.0] 
1.0,23.08,2.5,1.0,1.0,13.0,4.0,0.085,2.0,2.0,0.0,2.0,1.0,100.0,4208.0,2.0, [ + ]  [WRONG] [+: 0.0]  [-: 9.81976564131e-21] 
1.0,52.33,1.375,2.0,2.0,7.0,2.0,9.46,1.0,2.0,0.0,2.0,1.0,200.0,100.0,2.0, [ - ]  [+: 0.0]  [-: 1.64087445336e-17] 
1.0,43.0,0.29,2.0,2.0,5.0,2.0,1.75,1.0,1.0,8.0,1.0,1.0,100.0,375.0,1.0, [ + ]  [+: 2.86182569791e-16]  [-: 0.0] 
2.0,21.08,5.0,2.0,2.0,13.0,4.0,0.0,2.0,2.0,0.0,1.0,1.0,0.0,0.0,2.0, [ - ]  [+: 0.0]  [-: 1.44177827095e-12] 
1.0,27.67,13.75,1.0,1.0,1.0,1.0,5.75,1.0,2.0,0.0,2.0,1.0,487.0,500.0,1.0, [ - ]  [WRONG] [+: 1.35189273568e-17]  [-: 0.0] 
1.0,20.25,9.96,1.0,1.0,11.0,8.0,0.0,1.0,2.0,0.0,1.0,1.0,0.0,0.0,1.0, [ - ]  [WRONG] [+: 3.59202337198e-17]  [-: 0.0] 
2.0,17.67,0.0,2.0,2.0,14.0,4.0,0.0,2.0,2.0,0.0,1.0,1.0,86.0,0.0,2.0, [ - ]  [+: 0.0]  [-: 1.06118841069e-12] 
1.0,27.25,0.625,1.0,1.0,12.0,1.0,0.455,1.0,2.0,0.0,2.0,1.0,200.0,0.0,2.0, [ - ]  [+: 0.0]  [-: 1.68090651293e-13] 
2.0,38.33,4.415,1.0,1.0,7.0,1.0,0.125,2.0,2.0,0.0,1.0,1.0,160.0,0.0,2.0, [ - ]  [+: 0.0]  [-: 5.26659547328e-13] 
1.0,23.08,11.5,1.0,1.0,1.0,2.0,2.125,1.0,1.0,11.0,2.0,1.0,290.0,284.0,1.0, [ + ]  [+: 4.07784757811e-16]  [-: 0.0] 
1.0,41.17,1.335,1.0,1.0,8.0,1.0,0.165,2.0,2.0,0.0,1.0,1.0,168.0,0.0,2.0, [ - ]  [+: 0.0]  [-: 5.09855894578e-13] 
1.0,17.08,3.29,1.0,1.0,10.0,1.0,0.335,2.0,2.0,0.0,2.0,1.0,140.0,2.0,2.0, [ - ]  [+: 0.0]  [-: 4.75372737135e-13] 
2.0,46.0,4.0,1.0,1.0,14.0,5.0,0.0,1.0,2.0,0.0,1.0,1.0,100.0,960.0,1.0, [ - ]  [WRONG] [+: 2.78828308326e-17]  [-: 0.0] 
1.0,40.0,6.5,1.0,1.0,12.0,3.0,3.5,1.0,1.0,1.0,1.0,1.0,0.0,500.0,1.0, [ - ]  [WRONG] [+: 5.21005225202e-16]  [-: 0.0] 
2.0,28.58,3.75,1.0,1.0,7.0,1.0,0.25,2.0,1.0,1.0,2.0,1.0,40.0,154.0,2.0, [ - ]  [+: 0.0]  [-: 2.20843378872e-13] 
2.0,58.33,10.0,1.0,1.0,2.0,1.0,4.0,1.0,1.0,14.0,1.0,1.0,0.0,1602.0,1.0, [ + ]  [+: 5.32002879066e-17]  [-: 0.0] 
1.0,32.75,1.5,1.0,1.0,5.0,2.0,5.5,1.0,1.0,3.0,2.0,1.0,0.0,0.0,1.0, [ + ]  [+: 1.25330734147e-15]  [-: 0.0] 
1.0,30.67,2.5,1.0,1.0,5.0,2.0,2.25,2.0,2.0,0.0,2.0,2.0,340.0,0.0,2.0, [ - ]  [+: 0.0]  [-: 3.00367319294e-13] 
1.0,39.42,1.71,2.0,2.0,3.0,1.0,0.165,2.0,2.0,0.0,1.0,2.0,400.0,0.0,2.0, [ - ]  [+: 0.0]  [-: 8.25524879245e-13] 
1.0,23.33,11.625,2.0,2.0,1.0,1.0,0.835,1.0,2.0,0.0,2.0,1.0,160.0,300.0,1.0, [ - ]  [WRONG] [+: 3.83953106347e-17]  [-: 0.0] 
1.0,28.92,15.0,1.0,1.0,7.0,2.0,5.335,1.0,1.0,11.0,1.0,1.0,0.0,2283.0,1.0, [ + ]  [+: 1.66507637575e-16]  [-: 0.0] 
1.0,18.42,10.415,2.0,2.0,12.0,1.0,0.125,1.0,2.0,0.0,1.0,1.0,120.0,375.0,2.0, [ - ]  [+: 0.0]  [-: 9.28421059339e-14] 
1.0,27.42,12.5,1.0,1.0,12.0,3.0,0.25,2.0,2.0,0.0,2.0,1.0,720.0,0.0,2.0, [ - ]  [+: 0.0]  [-: 2.47468077307e-15] 
2.0,68.67,15.0,1.0,1.0,11.0,6.0,0.0,1.0,1.0,14.0,1.0,1.0,0.0,3376.0,1.0, [ + ]  [+: 3.00917721357e-18]  [-: 0.0] 
1.0,23.25,1.0,1.0,1.0,7.0,1.0,0.835,1.0,2.0,0.0,1.0,2.0,300.0,0.0,1.0, [ - ]  [WRONG] [+: 4.60846936925e-17]  [-: 0.0] 
1.0,20.0,11.045,1.0,1.0,7.0,1.0,2.0,2.0,2.0,0.0,2.0,1.0,136.0,0.0,2.0, [ - ]  [+: 0.0]  [-: 1.40441360314e-13] 
1.0,24.58,12.5,1.0,1.0,1.0,1.0,0.875,1.0,2.0,0.0,2.0,1.0,260.0,0.0,2.0, [ - ]  [+: 0.0]  [-: 2.58889054475e-14] 
2.0,20.83,8.5,1.0,1.0,7.0,1.0,0.165,2.0,2.0,0.0,1.0,1.0,0.0,351.0,2.0, [ - ]  [+: 0.0]  [-: 1.85679267784e-13] 
1.0,32.75,2.335,1.0,1.0,8.0,2.0,5.75,2.0,2.0,0.0,2.0,1.0,292.0,0.0,2.0, [ - ]  [+: 0.0]  [-: 6.42395922075e-14] 
1.0,41.75,0.96,1.0,1.0,9.0,1.0,2.5,1.0,2.0,0.0,1.0,1.0,510.0,600.0,1.0, [ - ]  [WRONG] [+: 2.93766782347e-17]  [-: 0.0] 
1.0,25.0,12.5,1.0,1.0,12.0,1.0,3.0,1.0,2.0,0.0,2.0,2.0,20.0,0.0,1.0, [ - ]  [WRONG] [+: 3.74962751507e-17]  [-: 0.0] 
1.0,18.17,10.25,1.0,1.0,7.0,2.0,1.085,2.0,2.0,0.0,1.0,1.0,320.0,13.0,2.0, [ - ]  [+: 0.0]  [-: 9.91182949979e-14] 
2.0,21.25,2.335,1.0,1.0,10.0,3.0,0.5,1.0,1.0,4.0,1.0,2.0,80.0,0.0,1.0, [ - ]  [WRONG] [+: 1.67022355926e-16]  [-: 0.0] 
2.0,51.92,6.5,1.0,1.0,10.0,3.0,3.085,2.0,2.0,0.0,2.0,1.0,73.0,0.0,2.0, [ - ]  [+: 0.0]  [-: 4.63519887598e-14] 
2.0,19.17,8.585,1.0,1.0,5.0,2.0,0.75,1.0,1.0,7.0,1.0,1.0,96.0,0.0,1.0, [ + ]  [+: 9.48585024992e-16]  [-: 0.0] 
2.0,27.17,1.25,1.0,1.0,13.0,4.0,0.0,2.0,1.0,1.0,1.0,1.0,92.0,300.0,2.0, [ - ]  [+: 0.0]  [-: 5.45819182785e-13] 
1.0,26.75,1.125,1.0,1.0,9.0,2.0,1.25,1.0,2.0,0.0,1.0,1.0,0.0,5298.0,1.0, [ + ]  [+: 2.77920396527e-16]  [-: 0.0] 
1.0,36.5,4.25,1.0,1.0,2.0,1.0,3.5,2.0,2.0,0.0,1.0,1.0,454.0,50.0,2.0, [ - ]  [+: 0.0]  [-: 1.15393190778e-13] 
1.0,33.58,0.25,1.0,1.0,10.0,3.0,4.0,2.0,2.0,0.0,2.0,2.0,420.0,0.0,2.0, [ - ]  [+: 0.0]  [-: 1.98319023342e-13] 
1.0,33.17,3.04,2.0,2.0,7.0,2.0,2.04,1.0,1.0,1.0,2.0,1.0,180.0,18027.0,1.0, [ + ]  [+: 6.1289138784e-17]  [-: 0.0] 
1.0,26.67,4.25,1.0,1.0,5.0,1.0,4.29,1.0,1.0,1.0,2.0,1.0,120.0,0.0,1.0, [ - ]  [WRONG] [+: 1.40407143421e-15]  [-: 0.0] 
2.0,20.75,10.335,1.0,1.0,5.0,2.0,0.335,1.0,1.0,1.0,2.0,1.0,80.0,50.0,1.0, [ - ]  [WRONG] [+: 8.14191915163e-16]  [-: 0.0] 
1.0,28.75,1.5,2.0,2.0,7.0,1.0,1.5,1.0,2.0,0.0,2.0,1.0,0.0,225.0,2.0, [ - ]  [+: 0.0]  [-: 2.04784813963e-13] 
1.0,38.67,0.21,1.0,1.0,6.0,1.0,0.085,1.0,2.0,0.0,2.0,1.0,280.0,0.0,1.0, [ - ]  [WRONG] [+: 6.66016223967e-17]  [-: 0.0] 
1.0,39.17,1.71,1.0,1.0,9.0,1.0,0.125,1.0,1.0,5.0,2.0,1.0,480.0,0.0,1.0, [ - ]  [WRONG] [+: 1.66210984102e-16]  [-: 0.0] 
1.0,39.5,1.625,1.0,1.0,7.0,1.0,1.5,2.0,2.0,0.0,1.0,1.0,0.0,316.0,2.0, [ - ]  [+: 0.0]  [-: 2.98616840399e-13] 
1.0,35.17,4.5,1.0,1.0,9.0,2.0,5.75,2.0,2.0,0.0,2.0,2.0,711.0,0.0,1.0, [ - ]  [WRONG] [+: 8.75093796638e-20]  [-: 0.0] 
2.0,33.08,4.625,1.0,1.0,2.0,2.0,1.625,1.0,1.0,2.0,1.0,1.0,0.0,0.0,1.0, [ - ]  [WRONG] [+: 1.43714079461e-15]  [-: 0.0] 
2.0,29.5,0.46,1.0,1.0,6.0,1.0,0.54,1.0,1.0,4.0,1.0,1.0,380.0,500.0,1.0, [ - ]  [WRONG] [+: 1.33718787843e-16]  [-: 0.0] 
1.0,34.83,2.5,2.0,2.0,1.0,1.0,3.0,2.0,2.0,0.0,1.0,2.0,200.0,0.0,2.0, [ - ]  [+: 0.0]  [-: 1.58928416625e-12] 
2.0,40.33,8.125,2.0,2.0,6.0,1.0,0.165,2.0,1.0,2.0,1.0,1.0,184.014771049,18.0,2.0, [ - ]  [+: 0.0]  [-: 3.14407641122e-13] 
1.0,80.25,5.5,1.0,1.0,7.0,1.0,0.54,1.0,2.0,0.0,1.0,1.0,0.0,340.0,2.0, [ - ]  [+: 0.0]  [-: 1.11995659587e-18] 
2.0,22.5,0.415,1.0,1.0,10.0,1.0,0.335,2.0,2.0,0.0,2.0,2.0,144.0,0.0,2.0, [ - ]  [+: 0.0]  [-: 7.61457190449e-13] 
1.0,45.17,1.5,1.0,1.0,7.0,1.0,2.5,1.0,2.0,0.0,2.0,1.0,140.0,0.0,2.0, [ - ]  [+: 0.0]  [-: 4.53617741669e-14] 
1.0,34.17,1.54,1.0,1.0,5.0,1.0,1.54,1.0,1.0,1.0,2.0,1.0,520.0,50000.0,1.0, [ + ]  [+: 1.16288781461e-24]  [-: 0.0] 
2.0,57.58,2.0,1.0,1.0,13.0,4.0,6.5,2.0,1.0,1.0,1.0,1.0,0.0,10.0,2.0, [ - ]  [+: 0.0]  [-: 7.12890832229e-16] 
