1.0,23.75,0.415,2.0,2.0,7.0,1.0,0.04,2.0,1.0,2.0,1.0,1.0,128.0,6.0,2.0, [ - ]  [+: 0.0]  [-: 2.93190230259e-13] 
1.0,30.08,1.04,2.0,2.0,10.0,3.0,0.5,1.0,1.0,10.0,2.0,1.0,132.0,28.0,2.0, [ + ]  [WRONG] [+: 0.0]  [-: 3.96009961009e-18] 
1.0,34.58,0.0,1.0,1.0,7.0,1.0,0.0,2.0,2.0,0.0,1.0,3.0,184.014771049,0.0,2.0, [ - ]  [+: 0.0]  [-: 1.28820775673e-13] 
2.0,30.42,1.375,1.0,1.0,1.0,2.0,0.04,2.0,1.0,3.0,1.0,1.0,0.0,33.0,2.0, [ - ]  [+: 0.0]  [-: 3.92460569163e-14] 
2.0,27.17,1.25,1.0,1.0,13.0,4.0,0.0,2.0,1.0,1.0,1.0,1.0,92.0,300.0,2.0, [ - ]  [+: 0.0]  [-: 4.39453131085e-13] 
1.0,28.75,1.165,1.0,1.0,6.0,1.0,0.5,1.0,2.0,0.0,1.0,2.0,280.0,0.0,2.0, [ - ]  [+: 0.0]  [-: 2.71138320625e-13] 
2.0,22.58,10.75,1.0,1.0,2.0,1.0,0.415,1.0,1.0,5.0,2.0,1.0,0.0,560.0,1.0, [ + ]  [+: 5.8249282818e-16]  [-: 0.0] 
1.0,24.42,12.335,1.0,1.0,2.0,2.0,1.585,1.0,2.0,0.0,2.0,1.0,120.0,0.0,1.0, [ - ]  [WRONG] [+: 3.82077801743e-16]  [-: 0.0] 
1.0,16.33,4.085,1.0,1.0,10.0,2.0,0.415,2.0,2.0,0.0,2.0,1.0,120.0,0.0,2.0, [ - ]  [+: 0.0]  [-: 2.73083917996e-13] 
1.0,16.25,0.835,1.0,1.0,3.0,1.0,0.085,1.0,2.0,0.0,1.0,2.0,200.0,0.0,2.0, [ - ]  [+: 0.0]  [-: 8.42634629586e-14] 
1.0,25.17,6.0,1.0,1.0,7.0,1.0,1.0,1.0,1.0,3.0,1.0,1.0,0.0,0.0,1.0, [ - ]  [WRONG] [+: 6.79146728274e-16]  [-: 0.0] 
1.0,33.0,2.5,2.0,2.0,1.0,1.0,7.0,2.0,2.0,0.0,2.0,1.0,280.0,0.0,2.0, [ - ]  [+: 0.0]  [-: 3.33696658986e-14] 
2.0,44.17,6.665,1.0,1.0,2.0,1.0,7.375,1.0,1.0,3.0,2.0,1.0,0.0,0.0,1.0, [ + ]  [+: 6.38642651683e-16]  [-: 0.0] 
2.0,22.5,8.46,2.0,2.0,9.0,1.0,2.46,2.0,2.0,0.0,1.0,1.0,164.0,0.0,1.0, [ - ]  [WRONG] [+: 1.66826762022e-17]  [-: 0.0] 
2.0,28.08,15.0,2.0,2.0,11.0,6.0,0.0,1.0,2.0,0.0,1.0,1.0,0.0,13212.0,1.0, [ + ]  [+: 8.66639081289e-18]  [-: 0.0] 
2.0,27.67,1.5,1.0,1.0,3.0,1.0,2.0,1.0,2.0,0.0,1.0,2.0,368.0,0.0,2.0, [ - ]  [+: 0.0]  [-: 1.38003046041e-13] 
1.0,33.17,3.165,2.0,2.0,9.0,1.0,3.165,1.0,1.0,3.0,2.0,1.0,380.0,0.0,1.0, [ - ]  [WRONG] [+: 3.20865958246e-16]  [-: 0.0] 
1.0,29.67,0.75,2.0,2.0,7.0,1.0,0.04,2.0,2.0,0.0,1.0,1.0,240.0,0.0,2.0, [ - ]  [+: 0.0]  [-: 1.11719200865e-12] 
2.0,15.75,0.375,1.0,1.0,7.0,1.0,1.0,2.0,2.0,0.0,1.0,1.0,120.0,18.0,2.0, [ - ]  [+: 0.0]  [-: 2.19015761556e-13] 
1.0,24.17,0.875,1.0,1.0,2.0,1.0,4.625,1.0,1.0,2.0,2.0,1.0,520.0,2000.0,1.0, [ + ]  [+: 9.87067854731e-17]  [-: 0.0] 
1.0,28.0,2.0,1.0,1.0,6.0,2.0,4.165,1.0,1.0,2.0,2.0,1.0,181.0,0.0,1.0, [ - ]  [WRONG] [+: 7.9556746008e-16]  [-: 0.0] 
1.0,43.25,3.0,1.0,1.0,2.0,2.0,6.0,1.0,1.0,11.0,1.0,1.0,80.0,0.0,1.0, [ + ]  [+: 1.06375247018e-15]  [-: 0.0] 
2.0,18.92,9.0,1.0,1.0,12.0,1.0,0.75,1.0,1.0,2.0,1.0,1.0,88.0,591.0,1.0, [ - ]  [WRONG] [+: 3.5598501886e-16]  [-: 0.0] 
1.0,34.92,5.0,1.0,1.0,9.0,2.0,7.5,1.0,1.0,6.0,2.0,1.0,0.0,1000.0,1.0, [ + ]  [+: 1.70986888551e-15]  [-: 0.0] 
1.0,31.5681710914,3.0,2.0,2.0,10.0,3.0,7.0,2.0,2.0,0.0,1.0,1.0,0.0,1.0,2.0, [ - ]  [+: 0.0]  [-: 3.37279960164e-14] 
2.0,40.33,7.54,2.0,2.0,2.0,2.0,8.0,1.0,1.0,14.0,1.0,1.0,0.0,2300.0,1.0, [ + ]  [+: 1.20351477849e-16]  [-: 0.0] 
1.0,20.42,0.0,1.0,1.0,7.0,1.0,0.0,2.0,2.0,0.0,1.0,3.0,184.014771049,0.0,2.0, [ - ]  [+: 0.0]  [-: 9.6737645206e-14] 
1.0,27.83,1.5,1.0,1.0,1.0,1.0,2.0,1.0,1.0,11.0,2.0,1.0,434.0,35.0,1.0, [ + ]  [+: 1.86162103554e-16]  [-: 0.0] 
1.0,40.58,1.5,1.0,1.0,10.0,3.0,0.0,2.0,2.0,0.0,1.0,2.0,300.0,0.0,2.0, [ - ]  [+: 0.0]  [-: 5.99739835102e-13] 
1.0,43.25,25.21,1.0,1.0,2.0,2.0,0.21,1.0,1.0,1.0,1.0,1.0,760.0,90.0,2.0, [ + ]  [WRONG] [+: 0.0]  [-: 1.62106723751e-22] 
1.0,23.75,12.0,1.0,1.0,7.0,1.0,2.085,2.0,2.0,0.0,1.0,2.0,80.0,0.0,2.0, [ - ]  [+: 0.0]  [-: 1.01247568839e-13] 
1.0,27.83,1.54,1.0,1.0,1.0,1.0,3.75,1.0,1.0,5.0,2.0,1.0,100.0,3.0,1.0, [ - ]  [WRONG] [+: 1.15477030271e-15]  [-: 0.0] 
1.0,27.58,3.25,2.0,2.0,2.0,2.0,5.085,2.0,1.0,2.0,2.0,1.0,369.0,1.0,2.0, [ - ]  [+: 0.0]  [-: 2.98855748778e-14] 
2.0,34.83,1.25,2.0,2.0,10.0,2.0,0.5,2.0,2.0,0.0,2.0,1.0,160.0,0.0,2.0, [ - ]  [+: 0.0]  [-: 9.20416453197e-13] 
1.0,20.42,1.085,1.0,1.0,2.0,1.0,1.5,2.0,2.0,0.0,1.0,1.0,108.0,7.0,2.0, [ - ]  [+: 0.0]  [-: 2.78847402442e-13] 
1.0,49.58,19.0,1.0,1.0,13.0,4.0,0.0,1.0,1.0,1.0,1.0,1.0,94.0,0.0,2.0, [ - ]  [+: 0.0]  [-: 2.59821938768e-17] 
1.0,18.83,3.54,2.0,2.0,13.0,4.0,0.0,2.0,2.0,0.0,2.0,1.0,180.0,1.0,2.0, [ - ]  [+: 0.0]  [-: 1.95035336569e-12] 
1.0,32.08,4.0,1.0,1.0,3.0,1.0,2.5,1.0,2.0,0.0,2.0,1.0,360.0,0.0,1.0, [ - ]  [WRONG] [+: 1.98742833615e-16]  [-: 0.0] 
2.0,28.42,3.5,1.0,1.0,1.0,1.0,0.835,1.0,2.0,0.0,1.0,2.0,280.0,0.0,1.0, [ - ]  [WRONG] [+: 1.98927185153e-16]  [-: 0.0] 
2.0,58.42,21.0,1.0,1.0,10.0,3.0,10.0,1.0,1.0,13.0,1.0,1.0,0.0,6700.0,1.0, [ + ]  [+: 2.33798756408e-19]  [-: 0.0] 
2.0,22.67,0.79,1.0,1.0,10.0,1.0,0.085,2.0,2.0,0.0,1.0,1.0,144.0,0.0,2.0, [ - ]  [+: 0.0]  [-: 5.62070992234e-13] 
1.0,51.83,2.04,2.0,2.0,13.0,4.0,1.5,2.0,2.0,0.0,1.0,1.0,120.0,1.0,2.0, [ - ]  [+: 0.0]  [-: 4.09893993457e-13] 
1.0,56.75,12.25,1.0,1.0,3.0,1.0,1.25,1.0,1.0,4.0,2.0,1.0,200.0,0.0,1.0, [ + ]  [+: 1.29690670474e-16]  [-: 0.0] 
2.0,35.75,0.915,1.0,1.0,12.0,1.0,0.75,1.0,1.0,4.0,1.0,1.0,0.0,1583.0,1.0, [ - ]  [WRONG] [+: 3.68936806929e-16]  [-: 0.0] 
1.0,38.42,0.705,1.0,1.0,7.0,1.0,0.375,2.0,1.0,2.0,1.0,1.0,225.0,500.0,2.0, [ - ]  [+: 0.0]  [-: 1.37368466285e-13] 
1.0,38.92,1.75,1.0,1.0,6.0,1.0,0.5,2.0,2.0,0.0,2.0,1.0,300.0,2.0,2.0, [ - ]  [+: 0.0]  [-: 6.39276300884e-13] 
2.0,36.75,5.125,1.0,1.0,11.0,1.0,5.0,1.0,2.0,0.0,2.0,1.0,0.0,4000.0,1.0, [ + ]  [+: 2.8849772454e-16]  [-: 0.0] 
1.0,36.5,4.25,1.0,1.0,2.0,1.0,3.5,2.0,2.0,0.0,1.0,1.0,454.0,50.0,2.0, [ - ]  [+: 0.0]  [-: 1.08890432827e-13] 
2.0,46.08,3.0,1.0,1.0,7.0,1.0,2.375,1.0,1.0,8.0,2.0,1.0,396.0,4159.0,1.0, [ + ]  [+: 2.91503493454e-16]  [-: 0.0] 
1.0,27.25,0.625,1.0,1.0,12.0,1.0,0.455,1.0,2.0,0.0,2.0,1.0,200.0,0.0,2.0, [ - ]  [+: 0.0]  [-: 1.78040857274e-13] 
1.0,29.92,1.835,1.0,1.0,7.0,2.0,4.335,1.0,2.0,0.0,1.0,1.0,260.0,200.0,1.0, [ - ]  [WRONG] [+: 4.72816277058e-16]  [-: 0.0] 
1.0,29.5,0.58,1.0,1.0,1.0,1.0,0.29,2.0,1.0,1.0,1.0,1.0,340.0,2803.0,2.0, [ + ]  [WRONG] [+: 0.0]  [-: 3.3951024679e-17] 
1.0,32.0,1.75,2.0,2.0,11.0,2.0,0.04,1.0,2.0,0.0,2.0,1.0,393.0,0.0,1.0, [ - ]  [WRONG] [+: 5.2110589309e-17]  [-: 0.0] 
2.0,17.67,0.0,2.0,2.0,14.0,4.0,0.0,2.0,2.0,0.0,1.0,1.0,86.0,0.0,2.0, [ - ]  [+: 0.0]  [-: 6.92977141786e-13] 
1.0,39.5,4.25,1.0,1.0,7.0,3.0,6.5,1.0,1.0,16.0,1.0,1.0,117.0,1210.0,1.0, [ + ]  [+: 2.40252759052e-16]  [-: 0.0] 
1.0,21.08,10.085,2.0,2.0,11.0,2.0,1.25,2.0,2.0,0.0,1.0,1.0,260.0,0.0,2.0, [ - ]  [+: 0.0]  [-: 2.16992267036e-13] 
1.0,23.25,1.0,1.0,1.0,7.0,1.0,0.835,1.0,2.0,0.0,1.0,2.0,300.0,0.0,1.0, [ - ]  [WRONG] [+: 9.18264032696e-17]  [-: 0.0] 
1.0,56.58,18.5,1.0,1.0,8.0,3.0,15.0,1.0,1.0,17.0,2.0,1.0,0.0,0.0,1.0, [ + ]  [+: 2.73443845029e-20]  [-: 0.0] 
1.0,39.33,5.875,1.0,1.0,5.0,2.0,10.0,1.0,1.0,14.0,2.0,1.0,399.0,0.0,1.0, [ + ]  [+: 1.36903466471e-16]  [-: 0.0] 
1.0,31.83,2.5,1.0,1.0,12.0,1.0,7.5,1.0,2.0,0.0,2.0,1.0,523.0,0.0,2.0, [ - ]  [+: 0.0]  [-: 6.80244114244e-16] 
2.0,20.83,0.5,2.0,2.0,11.0,8.0,1.0,2.0,2.0,0.0,1.0,1.0,260.0,0.0,2.0, [ - ]  [+: 0.0]  [-: 6.36229004047e-13] 
1.0,21.17,0.0,1.0,1.0,7.0,1.0,0.5,2.0,2.0,0.0,2.0,2.0,0.0,0.0,2.0, [ - ]  [+: 0.0]  [-: 2.71867274572e-13] 
1.0,39.83,0.5,1.0,1.0,3.0,1.0,0.25,1.0,2.0,0.0,1.0,2.0,288.0,0.0,2.0, [ - ]  [+: 0.0]  [-: 1.05845781272e-13] 
1.0,18.58,5.71,1.0,1.0,8.0,1.0,0.54,2.0,2.0,0.0,1.0,1.0,120.0,0.0,2.0, [ - ]  [+: 0.0]  [-: 5.91980099377e-13] 
2.0,27.58,3.0,1.0,1.0,3.0,1.0,2.79,2.0,1.0,1.0,2.0,1.0,280.0,10.0,2.0, [ - ]  [+: 0.0]  [-: 2.46809429349e-13] 
1.0,39.17,1.625,1.0,1.0,7.0,1.0,1.5,1.0,1.0,10.0,1.0,1.0,186.0,4700.0,1.0, [ + ]  [+: 6.91553008759e-16]  [-: 0.0] 
1.0,29.67,1.415,1.0,1.0,1.0,2.0,0.75,1.0,1.0,1.0,1.0,1.0,240.0,100.0,1.0, [ - ]  [WRONG] [+: 1.31140836871e-15]  [-: 0.0] 
1.0,51.83,3.0,2.0,2.0,13.0,4.0,1.5,2.0,2.0,0.0,1.0,1.0,180.0,4.0,2.0, [ - ]  [+: 0.0]  [-: 4.84807063418e-13] 
1.0,26.92,2.25,1.0,1.0,10.0,3.0,0.5,2.0,2.0,0.0,2.0,1.0,640.0,4000.0,2.0, [ + ]  [WRONG] [+: 0.0]  [-: 7.98911380972e-22] 
1.0,23.42,0.585,1.0,1.0,7.0,2.0,0.085,1.0,2.0,0.0,1.0,1.0,180.0,0.0,2.0, [ - ]  [+: 0.0]  [-: 6.20067314343e-14] 
1.0,25.17,3.5,1.0,1.0,5.0,1.0,0.625,1.0,1.0,7.0,1.0,1.0,0.0,7059.0,1.0, [ + ]  [+: 6.62890504807e-16]  [-: 0.0] 
1.0,26.75,4.5,2.0,2.0,7.0,3.0,2.5,2.0,2.0,0.0,1.0,1.0,200.0,1210.0,2.0, [ - ]  [+: 0.0]  [-: 4.17448749839e-13] 
1.0,23.08,2.5,1.0,1.0,7.0,1.0,1.085,1.0,1.0,11.0,2.0,1.0,60.0,2184.0,1.0, [ + ]  [+: 4.76123158075e-16]  [-: 0.0] 
1.0,73.42,17.75,1.0,1.0,13.0,4.0,0.0,1.0,2.0,0.0,2.0,1.0,0.0,0.0,1.0, [ - ]  [WRONG] [+: 2.45376262634e-20]  [-: 0.0] 
2.0,23.42,0.79,2.0,2.0,2.0,1.0,1.5,1.0,1.0,2.0,2.0,1.0,80.0,400.0,1.0, [ - ]  [WRONG] [+: 2.85386708313e-16]  [-: 0.0] 
1.0,56.0,12.5,1.0,1.0,6.0,2.0,8.0,1.0,2.0,0.0,2.0,1.0,24.0,2028.0,1.0, [ + ]  [+: 1.36500575457e-17]  [-: 0.0] 
1.0,22.17,0.585,2.0,2.0,13.0,4.0,0.0,2.0,2.0,0.0,1.0,1.0,100.0,0.0,2.0, [ - ]  [+: 0.0]  [-: 1.62524238287e-12] 
2.0,26.08,8.665,1.0,1.0,12.0,1.0,1.415,1.0,2.0,0.0,1.0,1.0,160.0,150.0,1.0, [ - ]  [WRONG] [+: 2.17973694559e-16]  [-: 0.0] 
1.0,48.08,6.04,1.0,1.0,6.0,1.0,0.04,2.0,2.0,0.0,1.0,1.0,0.0,2690.0,1.0, [ - ]  [WRONG] [+: 4.70256675558e-18]  [-: 0.0] 
1.0,25.5,0.375,1.0,1.0,3.0,1.0,0.25,1.0,1.0,3.0,1.0,1.0,260.0,15108.0,1.0, [ + ]  [+: 8.82826509436e-17]  [-: 0.0] 
1.0,28.92,15.0,1.0,1.0,7.0,2.0,5.335,1.0,1.0,11.0,1.0,1.0,0.0,2283.0,1.0, [ + ]  [+: 2.24613879047e-16]  [-: 0.0] 
1.0,54.42,0.5,2.0,2.0,6.0,2.0,3.96,1.0,2.0,0.0,1.0,1.0,180.0,314.0,1.0, [ - ]  [WRONG] [+: 1.66864486267e-17]  [-: 0.0] 
1.0,34.17,1.54,1.0,1.0,5.0,1.0,1.54,1.0,1.0,1.0,2.0,1.0,520.0,50000.0,1.0, [ + ]  [+: 1.64633122733e-26]  [-: 0.0] 
1.0,29.58,4.75,1.0,1.0,3.0,1.0,2.0,2.0,1.0,1.0,2.0,1.0,460.0,68.0,2.0, [ - ]  [+: 0.0]  [-: 1.38162217779e-13] 
1.0,53.92,9.625,1.0,1.0,11.0,1.0,8.665,1.0,1.0,5.0,1.0,1.0,0.0,0.0,1.0, [ + ]  [+: 1.04450146915e-16]  [-: 0.0] 
1.0,21.92,0.5,1.0,1.0,7.0,1.0,0.125,2.0,2.0,0.0,1.0,1.0,360.0,0.0,2.0, [ - ]  [+: 0.0]  [-: 2.81654320524e-13] 
1.0,45.17,1.5,1.0,1.0,7.0,1.0,2.5,1.0,2.0,0.0,2.0,1.0,140.0,0.0,2.0, [ - ]  [+: 0.0]  [-: 4.9231051707e-14] 
1.0,39.92,0.54,2.0,2.0,12.0,1.0,0.5,1.0,1.0,3.0,1.0,1.0,200.0,1000.0,1.0, [ - ]  [WRONG] [+: 1.33336776864e-16]  [-: 0.0] 
1.0,24.5,12.75,1.0,1.0,7.0,3.0,4.75,1.0,1.0,2.0,1.0,1.0,73.0,444.0,1.0, [ - ]  [WRONG] [+: 4.61838196473e-16]  [-: 0.0] 
1.0,34.67,1.08,1.0,1.0,3.0,1.0,1.165,2.0,2.0,0.0,1.0,2.0,28.0,0.0,2.0, [ - ]  [+: 0.0]  [-: 5.74372611737e-13] 
2.0,24.5,1.04,2.0,2.0,13.0,4.0,0.5,1.0,1.0,3.0,1.0,1.0,180.0,147.0,2.0, [ - ]  [+: 0.0]  [-: 1.30044384282e-13] 
1.0,17.08,0.085,2.0,2.0,7.0,1.0,0.04,2.0,2.0,0.0,1.0,1.0,140.0,722.0,2.0, [ - ]  [+: 0.0]  [-: 3.44511451943e-13] 
1.0,37.5,1.125,2.0,2.0,8.0,1.0,1.5,2.0,2.0,0.0,2.0,1.0,431.0,0.0,1.0, [ - ]  [WRONG] [+: 9.79187342475e-19]  [-: 0.0] 
1.0,25.58,0.335,1.0,1.0,6.0,2.0,3.5,2.0,2.0,0.0,2.0,1.0,340.0,0.0,2.0, [ - ]  [+: 0.0]  [-: 2.04647817873e-13] 
1.0,52.5,6.5,1.0,1.0,6.0,1.0,6.29,1.0,1.0,15.0,1.0,1.0,0.0,11202.0,1.0, [ + ]  [+: 1.38859780459e-17]  [-: 0.0] 
2.0,33.08,1.625,1.0,1.0,8.0,1.0,0.54,2.0,2.0,0.0,2.0,1.0,0.0,0.0,2.0, [ - ]  [+: 0.0]  [-: 5.21708406854e-13] 
1.0,23.5,2.75,1.0,1.0,13.0,4.0,4.5,2.0,2.0,0.0,1.0,1.0,160.0,25.0,2.0, [ - ]  [+: 0.0]  [-: 4.74455370373e-13] 
1.0,29.58,4.5,1.0,1.0,1.0,1.0,7.5,1.0,1.0,2.0,2.0,1.0,330.0,0.0,1.0, [ - ]  [WRONG] [+: 5.88214066564e-16]  [-: 0.0] 
2.0,20.83,8.5,1.0,1.0,7.0,1.0,0.165,2.0,2.0,0.0,1.0,1.0,0.0,351.0,2.0, [ - ]  [+: 0.0]  [-: 1.51046849199e-13] 
1.0,37.33,2.665,1.0,1.0,5.0,1.0,0.165,2.0,2.0,0.0,2.0,1.0,0.0,501.0,2.0, [ - ]  [+: 0.0]  [-: 1.65543070287e-13] 
2.0,47.42,8.0,1.0,1.0,11.0,3.0,6.5,1.0,1.0,6.0,1.0,1.0,375.0,51100.0,1.0, [ + ]  [+: 1.34125106886e-26]  [-: 0.0] 
1.0,34.17,2.75,1.0,1.0,10.0,3.0,2.5,2.0,2.0,0.0,2.0,1.0,232.0,200.0,2.0, [ - ]  [+: 0.0]  [-: 9.35844442285e-13] 
1.0,30.33,0.5,1.0,1.0,8.0,2.0,0.085,2.0,2.0,0.0,2.0,2.0,252.0,0.0,2.0, [ - ]  [+: 0.0]  [-: 5.81354571375e-13] 
1.0,30.17,1.085,2.0,2.0,7.0,1.0,0.04,2.0,2.0,0.0,1.0,1.0,170.0,179.0,2.0, [ - ]  [+: 0.0]  [-: 1.2553944878e-12] 
1.0,18.33,1.21,2.0,2.0,11.0,8.0,0.0,2.0,2.0,0.0,1.0,1.0,100.0,0.0,2.0, [ - ]  [+: 0.0]  [-: 4.79110686261e-13] 
2.0,17.92,10.21,1.0,1.0,13.0,4.0,0.0,2.0,2.0,0.0,1.0,1.0,0.0,50.0,2.0, [ - ]  [+: 0.0]  [-: 1.40837338248e-13] 
1.0,39.92,6.21,1.0,1.0,2.0,1.0,0.04,1.0,1.0,1.0,1.0,1.0,200.0,300.0,1.0, [ - ]  [WRONG] [+: 1.25625862313e-15]  [-: 0.0] 
2.0,22.67,7.0,1.0,1.0,7.0,1.0,0.165,2.0,2.0,0.0,1.0,1.0,160.0,0.0,2.0, [ - ]  [+: 0.0]  [-: 4.20104989327e-13] 
1.0,39.58,5.0,1.0,1.0,13.0,4.0,0.0,2.0,1.0,2.0,1.0,1.0,17.0,1.0,2.0, [ - ]  [+: 0.0]  [-: 2.21426573073e-13] 
1.0,21.42,0.75,2.0,2.0,4.0,9.0,0.75,2.0,2.0,0.0,2.0,1.0,132.0,2.0,2.0, [ + ]  [WRONG] [+: 0.0]  [-: 0.0] 
2.0,52.17,0.0,2.0,2.0,13.0,4.0,0.0,2.0,2.0,0.0,1.0,1.0,0.0,0.0,2.0, [ - ]  [+: 0.0]  [-: 1.30176839917e-13] 
1.0,42.17,5.04,1.0,1.0,2.0,2.0,12.75,1.0,2.0,0.0,2.0,1.0,92.0,0.0,1.0, [ + ]  [+: 6.60512185948e-17]  [-: 0.0] 
1.0,57.42,8.5,1.0,1.0,11.0,2.0,7.0,1.0,1.0,3.0,1.0,1.0,0.0,0.0,1.0, [ + ]  [+: 1.69941308139e-16]  [-: 0.0] 
1.0,23.42,1.0,1.0,1.0,7.0,1.0,0.5,2.0,2.0,0.0,2.0,2.0,280.0,0.0,2.0, [ - ]  [+: 0.0]  [-: 6.28845677666e-13] 
2.0,27.33,1.665,1.0,1.0,13.0,4.0,0.0,2.0,2.0,0.0,1.0,1.0,340.0,1.0,2.0, [ - ]  [+: 0.0]  [-: 9.54337821991e-13] 
1.0,20.5,10.0,2.0,2.0,7.0,1.0,2.5,1.0,2.0,0.0,1.0,2.0,40.0,0.0,1.0, [ - ]  [WRONG] [+: 3.10552513692e-17]  [-: 0.0] 
1.0,31.08,1.5,2.0,2.0,1.0,1.0,0.04,2.0,2.0,0.0,1.0,2.0,160.0,0.0,2.0, [ - ]  [+: 0.0]  [-: 1.52750195387e-12] 
2.0,19.17,5.415,1.0,1.0,10.0,2.0,0.29,2.0,2.0,0.0,1.0,1.0,80.0,484.0,2.0, [ - ]  [+: 0.0]  [-: 2.65089909187e-13] 
1.0,21.33,7.5,1.0,1.0,12.0,1.0,1.415,1.0,1.0,1.0,1.0,1.0,80.0,9800.0,1.0, [ + ]  [+: 2.33569185345e-16]  [-: 0.0] 
1.0,40.58,5.0,1.0,1.0,7.0,1.0,5.0,1.0,1.0,7.0,1.0,1.0,0.0,3065.0,1.0, [ + ]  [+: 7.25238744759e-16]  [-: 0.0] 
1.0,39.17,2.5,2.0,2.0,10.0,2.0,10.0,2.0,2.0,0.0,2.0,2.0,200.0,0.0,2.0, [ - ]  [+: 0.0]  [-: 2.31078044231e-16] 
1.0,48.75,26.335,2.0,2.0,13.0,4.0,0.0,1.0,2.0,0.0,2.0,1.0,0.0,0.0,2.0, [ - ]  [+: 0.0]  [-: 2.32540772203e-20] 
1.0,32.92,2.5,1.0,1.0,12.0,1.0,1.75,2.0,1.0,2.0,2.0,1.0,720.0,0.0,2.0, [ - ]  [+: 0.0]  [-: 6.77406908874e-15] 
1.0,28.58,3.625,1.0,1.0,12.0,1.0,0.25,2.0,2.0,0.0,2.0,1.0,100.0,0.0,2.0, [ - ]  [+: 0.0]  [-: 8.93208902964e-13] 
1.0,32.67,5.5,1.0,1.0,2.0,2.0,5.5,1.0,1.0,12.0,2.0,1.0,408.0,1000.0,1.0, [ + ]  [+: 5.75533533094e-16]  [-: 0.0] 
1.0,28.67,9.335,1.0,1.0,2.0,2.0,5.665,1.0,1.0,6.0,1.0,1.0,381.0,168.0,1.0, [ + ]  [+: 9.74640112636e-16]  [-: 0.0] 
1.0,74.83,19.0,2.0,2.0,13.0,4.0,0.04,2.0,1.0,2.0,1.0,1.0,0.0,351.0,2.0, [ - ]  [+: 0.0]  [-: 1.1182610948e-19] 
2.0,21.5,6.0,1.0,1.0,12.0,1.0,2.5,1.0,1.0,3.0,1.0,1.0,80.0,918.0,1.0, [ - ]  [WRONG] [+: 6.19980793171e-16]  [-: 0.0] 
2.0,50.08,12.54,1.0,1.0,12.0,1.0,2.29,1.0,1.0,3.0,2.0,1.0,156.0,0.0,1.0, [ - ]  [WRONG] [+: 2.17396004378e-16]  [-: 0.0] 
2.0,18.17,10.0,2.0,2.0,2.0,2.0,0.165,2.0,2.0,0.0,1.0,1.0,340.0,0.0,2.0, [ - ]  [+: 0.0]  [-: 7.94825888505e-14] 
2.0,31.5681710914,11.25,1.0,1.0,13.0,4.0,0.0,2.0,2.0,0.0,1.0,1.0,184.014771049,5200.0,2.0, [ + ]  [WRONG] [+: 0.0]  [-: 6.85253569722e-27] 
1.0,39.08,6.0,1.0,1.0,3.0,1.0,1.29,1.0,1.0,5.0,2.0,1.0,108.0,1097.0,1.0, [ - ]  [WRONG] [+: 1.19448721131e-15]  [-: 0.0] 
2.0,31.5681710914,3.5,1.0,1.0,8.0,1.0,3.0,1.0,2.0,0.0,2.0,1.0,300.0,0.0,2.0, [ - ]  [+: 0.0]  [-: 1.69370811019e-13] 
1.0,34.5,4.04,2.0,2.0,10.0,3.0,8.5,1.0,1.0,7.0,2.0,1.0,195.0,0.0,1.0, [ + ]  [+: 1.18746253156e-16]  [-: 0.0] 
1.0,52.33,1.375,2.0,2.0,7.0,2.0,9.46,1.0,2.0,0.0,2.0,1.0,200.0,100.0,2.0, [ + ]  [WRONG] [+: 0.0]  [-: 1.23412991324e-17] 
1.0,31.67,0.83,1.0,1.0,9.0,1.0,1.335,1.0,1.0,8.0,2.0,1.0,303.0,3290.0,1.0, [ + ]  [+: 1.0860503086e-15]  [-: 0.0] 
1.0,17.42,6.5,1.0,1.0,10.0,1.0,0.125,2.0,2.0,0.0,1.0,1.0,60.0,100.0,2.0, [ - ]  [+: 0.0]  [-: 3.46594550706e-13] 
1.0,25.25,1.0,1.0,1.0,12.0,1.0,0.5,2.0,2.0,0.0,1.0,1.0,200.0,0.0,2.0, [ - ]  [+: 0.0]  [-: 7.87979661308e-13] 
