1.0,54.42,0.5,2.0,2.0,6.0,2.0,3.96,1.0,2.0,0.0,1.0,1.0,180.0,314.0,1.0, [ - ]  [WRONG] [+: 2.37466241396e-17]  [-: 0.0] 
1.0,48.17,3.5,1.0,1.0,12.0,1.0,3.5,1.0,2.0,0.0,1.0,2.0,230.0,0.0,1.0, [ - ]  [WRONG] [+: 1.01493172669e-16]  [-: 0.0] 
1.0,20.67,0.415,1.0,1.0,7.0,1.0,0.125,2.0,2.0,0.0,1.0,1.0,0.0,44.0,2.0, [ - ]  [+: 0.0]  [-: 2.13314033364e-13] 
1.0,27.25,1.665,1.0,1.0,5.0,2.0,5.085,1.0,1.0,9.0,1.0,1.0,399.0,827.0,1.0, [ + ]  [+: 8.03136309135e-16]  [-: 0.0] 
1.0,34.0,4.5,1.0,1.0,12.0,1.0,1.0,1.0,2.0,0.0,2.0,1.0,240.0,0.0,2.0, [ - ]  [+: 0.0]  [-: 2.08154915231e-13] 
1.0,22.08,11.46,1.0,1.0,6.0,1.0,1.585,2.0,2.0,0.0,2.0,1.0,100.0,1212.0,2.0, [ - ]  [+: 0.0]  [-: 4.76330141709e-14] 
1.0,26.67,1.75,2.0,2.0,7.0,1.0,1.0,1.0,1.0,5.0,2.0,1.0,160.0,5777.0,1.0, [ + ]  [+: 3.46588349183e-16]  [-: 0.0] 
1.0,16.92,0.335,2.0,2.0,6.0,1.0,0.29,2.0,2.0,0.0,1.0,2.0,200.0,0.0,2.0, [ - ]  [+: 0.0]  [-: 9.2094371615e-13] 
1.0,23.08,11.5,1.0,1.0,1.0,2.0,2.125,1.0,1.0,11.0,2.0,1.0,290.0,284.0,1.0, [ + ]  [+: 5.09724544792e-16]  [-: 0.0] 
1.0,32.67,9.0,2.0,2.0,1.0,2.0,5.25,1.0,2.0,0.0,2.0,1.0,154.0,0.0,1.0, [ - ]  [WRONG] [+: 2.19530983408e-16]  [-: 0.0] 
2.0,24.92,1.25,1.0,1.0,13.0,4.0,0.0,1.0,2.0,0.0,1.0,1.0,80.0,0.0,2.0, [ - ]  [+: 0.0]  [-: 2.26431621606e-13] 
2.0,33.25,3.0,2.0,2.0,12.0,1.0,2.0,2.0,2.0,0.0,1.0,1.0,180.0,0.0,2.0, [ - ]  [+: 0.0]  [-: 1.62614836905e-12] 
2.0,55.75,7.08,1.0,1.0,6.0,2.0,6.75,1.0,1.0,3.0,2.0,1.0,100.0,50.0,2.0, [ + ]  [WRONG] [+: 0.0]  [-: 2.98206017623e-17] 
2.0,28.5,3.04,2.0,2.0,9.0,2.0,2.54,1.0,1.0,1.0,1.0,1.0,70.0,0.0,1.0, [ - ]  [WRONG] [+: 1.10271040242e-15]  [-: 0.0] 
2.0,18.25,10.0,1.0,1.0,1.0,1.0,1.0,2.0,1.0,1.0,1.0,1.0,120.0,1.0,2.0, [ - ]  [+: 0.0]  [-: 4.83710959616e-14] 
1.0,20.67,1.25,2.0,2.0,7.0,2.0,1.375,1.0,1.0,3.0,2.0,1.0,140.0,210.0,2.0, [ - ]  [+: 0.0]  [-: 2.85595774226e-14] 
1.0,20.08,0.25,1.0,1.0,2.0,1.0,0.125,2.0,2.0,0.0,1.0,1.0,200.0,0.0,2.0, [ - ]  [+: 0.0]  [-: 2.11324790818e-13] 
2.0,23.75,0.71,1.0,1.0,1.0,1.0,0.25,2.0,1.0,1.0,2.0,1.0,240.0,4.0,2.0, [ - ]  [+: 0.0]  [-: 1.44680624851e-13] 
1.0,22.33,11.0,1.0,1.0,1.0,1.0,2.0,1.0,1.0,1.0,1.0,1.0,80.0,278.0,1.0, [ - ]  [WRONG] [+: 6.74095575979e-16]  [-: 0.0] 
1.0,21.33,10.5,1.0,1.0,7.0,1.0,3.0,1.0,2.0,0.0,2.0,1.0,0.0,0.0,1.0, [ - ]  [WRONG] [+: 1.27054933605e-16]  [-: 0.0] 
2.0,65.17,14.0,1.0,1.0,13.0,4.0,0.0,1.0,1.0,11.0,2.0,1.0,0.0,1400.0,1.0, [ + ]  [+: 6.94029515368e-19]  [-: 0.0] 
1.0,44.25,0.5,1.0,1.0,3.0,1.0,10.75,1.0,2.0,0.0,1.0,2.0,400.0,0.0,2.0, [ + ]  [WRONG] [+: 0.0]  [-: 1.37500534731e-18] 
1.0,25.0,12.0,1.0,1.0,6.0,1.0,2.25,1.0,1.0,2.0,2.0,1.0,120.0,5.0,2.0, [ - ]  [+: 0.0]  [-: 1.04310977591e-14] 
1.0,23.58,1.79,1.0,1.0,7.0,1.0,0.54,2.0,2.0,0.0,2.0,1.0,136.0,1.0,2.0, [ - ]  [+: 0.0]  [-: 5.4796510766e-13] 
1.0,34.17,5.25,1.0,1.0,1.0,1.0,0.085,2.0,2.0,0.0,2.0,1.0,290.0,6.0,1.0, [ - ]  [WRONG] [+: 3.415188404e-17]  [-: 0.0] 
1.0,18.42,10.415,2.0,2.0,12.0,1.0,0.125,1.0,2.0,0.0,1.0,1.0,120.0,375.0,2.0, [ - ]  [+: 0.0]  [-: 7.13381143142e-14] 
2.0,38.25,6.0,1.0,1.0,6.0,1.0,1.0,1.0,2.0,0.0,2.0,1.0,0.0,0.0,1.0, [ - ]  [WRONG] [+: 1.598171767e-16]  [-: 0.0] 
1.0,34.17,1.54,1.0,1.0,5.0,1.0,1.54,1.0,1.0,1.0,2.0,1.0,520.0,50000.0,1.0, [ + ]  [+: 1.83470041311e-24]  [-: 0.0] 
2.0,56.83,4.25,2.0,2.0,13.0,4.0,5.0,2.0,2.0,0.0,2.0,1.0,0.0,4.0,2.0, [ - ]  [+: 0.0]  [-: 1.48608461719e-14] 
1.0,32.25,14.0,2.0,2.0,13.0,4.0,0.0,2.0,1.0,2.0,1.0,1.0,160.0,1.0,2.0, [ - ]  [+: 0.0]  [-: 6.33860188448e-14] 
2.0,18.92,9.0,1.0,1.0,12.0,1.0,0.75,1.0,1.0,2.0,1.0,1.0,88.0,591.0,1.0, [ - ]  [WRONG] [+: 4.82859209186e-16]  [-: 0.0] 
1.0,41.75,0.96,1.0,1.0,9.0,1.0,2.5,1.0,2.0,0.0,1.0,1.0,510.0,600.0,1.0, [ - ]  [WRONG] [+: 6.24480554543e-17]  [-: 0.0] 
2.0,25.0,12.33,1.0,1.0,5.0,2.0,3.5,1.0,1.0,6.0,1.0,1.0,400.0,458.0,1.0, [ + ]  [+: 6.94473959184e-16]  [-: 0.0] 
2.0,22.67,7.0,1.0,1.0,7.0,1.0,0.165,2.0,2.0,0.0,1.0,1.0,160.0,0.0,2.0, [ - ]  [+: 0.0]  [-: 4.21572298054e-13] 
1.0,29.67,0.75,2.0,2.0,7.0,1.0,0.04,2.0,2.0,0.0,1.0,1.0,240.0,0.0,2.0, [ - ]  [+: 0.0]  [-: 1.1016711372e-12] 
2.0,24.5,1.75,2.0,2.0,7.0,1.0,0.165,2.0,2.0,0.0,1.0,1.0,132.0,0.0,2.0, [ - ]  [+: 0.0]  [-: 1.04933388445e-12] 
1.0,36.17,5.5,1.0,1.0,10.0,3.0,5.0,2.0,2.0,0.0,1.0,1.0,210.0,687.0,2.0, [ - ]  [+: 0.0]  [-: 1.3928358383e-13] 
1.0,29.83,1.25,2.0,2.0,6.0,1.0,0.25,2.0,2.0,0.0,1.0,1.0,224.0,0.0,2.0, [ - ]  [+: 0.0]  [-: 1.63854876325e-12] 
1.0,29.83,3.5,1.0,1.0,7.0,1.0,0.165,2.0,2.0,0.0,1.0,1.0,216.0,0.0,2.0, [ - ]  [+: 0.0]  [-: 7.31230130353e-13] 
1.0,26.0,1.0,1.0,1.0,2.0,1.0,1.75,1.0,2.0,0.0,2.0,1.0,280.0,0.0,1.0, [ - ]  [WRONG] [+: 3.2118404786e-16]  [-: 0.0] 
1.0,27.83,1.54,1.0,1.0,1.0,1.0,3.75,1.0,1.0,5.0,2.0,1.0,100.0,3.0,1.0, [ - ]  [WRONG] [+: 1.53166064531e-15]  [-: 0.0] 
1.0,45.33,1.0,1.0,1.0,2.0,1.0,0.125,2.0,2.0,0.0,2.0,1.0,263.0,0.0,2.0, [ - ]  [+: 0.0]  [-: 1.14123716857e-13] 
1.0,39.83,0.5,1.0,1.0,3.0,1.0,0.25,1.0,2.0,0.0,1.0,2.0,288.0,0.0,2.0, [ - ]  [+: 0.0]  [-: 1.06597432248e-13] 
1.0,33.17,3.165,2.0,2.0,9.0,1.0,3.165,1.0,1.0,3.0,2.0,1.0,380.0,0.0,1.0, [ - ]  [WRONG] [+: 4.95393739504e-16]  [-: 0.0] 
1.0,38.67,0.21,1.0,1.0,6.0,1.0,0.085,1.0,2.0,0.0,2.0,1.0,280.0,0.0,1.0, [ - ]  [WRONG] [+: 1.01131139735e-16]  [-: 0.0] 
1.0,35.25,3.165,1.0,1.0,9.0,2.0,3.75,1.0,2.0,0.0,2.0,1.0,680.0,0.0,2.0, [ - ]  [+: 0.0]  [-: 5.96548602576e-16] 
1.0,26.17,0.25,1.0,1.0,10.0,3.0,0.0,1.0,2.0,0.0,2.0,1.0,0.0,0.0,1.0, [ - ]  [WRONG] [+: 5.5626882018e-17]  [-: 0.0] 
1.0,34.0,5.5,2.0,2.0,7.0,1.0,1.5,2.0,2.0,0.0,2.0,1.0,60.0,0.0,2.0, [ - ]  [+: 0.0]  [-: 1.07898472961e-12] 
2.0,31.5681710914,1.5,1.0,1.0,13.0,4.0,0.0,2.0,1.0,2.0,2.0,1.0,200.0,105.0,2.0, [ - ]  [+: 0.0]  [-: 3.97277348063e-13] 
1.0,39.08,6.0,1.0,1.0,3.0,1.0,1.29,1.0,1.0,5.0,2.0,1.0,108.0,1097.0,1.0, [ + ]  [+: 1.55203314412e-15]  [-: 0.0] 
1.0,20.0,11.045,1.0,1.0,7.0,1.0,2.0,2.0,2.0,0.0,2.0,1.0,136.0,0.0,2.0, [ - ]  [+: 0.0]  [-: 1.20753503267e-13] 
1.0,21.17,0.0,1.0,1.0,7.0,1.0,0.5,2.0,2.0,0.0,2.0,2.0,0.0,0.0,2.0, [ - ]  [+: 0.0]  [-: 2.8371553585e-13] 
2.0,21.08,5.0,2.0,2.0,13.0,4.0,0.0,2.0,2.0,0.0,1.0,1.0,0.0,0.0,2.0, [ - ]  [+: 0.0]  [-: 1.19871611694e-12] 
1.0,30.08,1.04,2.0,2.0,10.0,3.0,0.5,1.0,1.0,10.0,2.0,1.0,132.0,28.0,2.0, [ + ]  [WRONG] [+: 0.0]  [-: 2.06143636696e-18] 
1.0,26.67,2.71,2.0,2.0,5.0,1.0,5.25,1.0,1.0,1.0,1.0,1.0,211.0,0.0,1.0, [ - ]  [WRONG] [+: 5.48593944463e-16]  [-: 0.0] 
2.0,26.92,13.5,1.0,1.0,2.0,2.0,5.0,1.0,1.0,2.0,1.0,1.0,0.0,5000.0,1.0, [ + ]  [+: 6.8011839634e-16]  [-: 0.0] 
1.0,19.58,0.585,1.0,1.0,13.0,4.0,0.0,2.0,1.0,3.0,1.0,1.0,350.0,769.0,2.0, [ - ]  [+: 0.0]  [-: 7.47732904452e-14] 
1.0,28.67,14.5,1.0,1.0,8.0,1.0,0.125,2.0,2.0,0.0,1.0,1.0,0.0,286.0,2.0, [ - ]  [+: 0.0]  [-: 2.84962794262e-14] 
1.0,27.83,1.5,1.0,1.0,1.0,1.0,2.25,2.0,1.0,1.0,2.0,1.0,100.0,3.0,2.0, [ - ]  [+: 0.0]  [-: 1.73610774721e-13] 
2.0,26.17,2.0,1.0,1.0,14.0,5.0,0.0,2.0,2.0,0.0,2.0,1.0,276.0,1.0,2.0, [ - ]  [+: 0.0]  [-: 6.63649839884e-13] 
1.0,26.67,14.585,1.0,1.0,10.0,3.0,0.0,2.0,2.0,0.0,2.0,1.0,178.0,0.0,2.0, [ - ]  [+: 0.0]  [-: 4.39667300017e-14] 
1.0,22.17,0.585,2.0,2.0,13.0,4.0,0.0,2.0,2.0,0.0,1.0,1.0,100.0,0.0,2.0, [ - ]  [+: 0.0]  [-: 1.61747099697e-12] 
1.0,32.92,2.5,1.0,1.0,12.0,1.0,1.75,2.0,1.0,2.0,2.0,1.0,720.0,0.0,2.0, [ - ]  [+: 0.0]  [-: 6.05695132033e-15] 
1.0,19.42,7.25,1.0,1.0,3.0,1.0,0.04,2.0,1.0,1.0,1.0,1.0,100.0,1.0,2.0, [ - ]  [+: 0.0]  [-: 1.11632736621e-13] 
1.0,32.33,3.5,1.0,1.0,6.0,1.0,0.5,2.0,2.0,0.0,2.0,1.0,232.0,0.0,2.0, [ - ]  [+: 0.0]  [-: 9.44608404179e-13] 
2.0,23.5,1.5,1.0,1.0,1.0,1.0,0.875,2.0,2.0,0.0,2.0,1.0,160.0,0.0,2.0, [ - ]  [+: 0.0]  [-: 4.50947417899e-13] 
1.0,30.75,1.585,1.0,1.0,8.0,1.0,0.585,2.0,2.0,0.0,2.0,2.0,0.0,0.0,2.0, [ - ]  [+: 0.0]  [-: 6.77479567289e-13] 
1.0,34.67,1.08,1.0,1.0,3.0,1.0,1.165,2.0,2.0,0.0,1.0,2.0,28.0,0.0,2.0, [ - ]  [+: 0.0]  [-: 5.46528916076e-13] 
2.0,22.5,8.5,1.0,1.0,2.0,1.0,1.75,1.0,1.0,10.0,1.0,1.0,80.0,990.0,2.0, [ + ]  [WRONG] [+: 0.0]  [-: 1.08753034098e-19] 
2.0,23.5,9.0,1.0,1.0,2.0,1.0,8.5,1.0,1.0,5.0,2.0,1.0,120.0,0.0,1.0, [ + ]  [+: 8.51301175745e-16]  [-: 0.0] 
1.0,21.5,11.5,1.0,1.0,10.0,1.0,0.5,1.0,2.0,0.0,2.0,1.0,100.0,68.0,2.0, [ - ]  [+: 0.0]  [-: 3.71564354328e-14] 
1.0,19.5,9.585,1.0,1.0,12.0,1.0,0.79,2.0,2.0,0.0,1.0,1.0,80.0,350.0,2.0, [ - ]  [+: 0.0]  [-: 2.07874840926e-13] 
1.0,20.42,7.0,1.0,1.0,7.0,1.0,1.625,1.0,1.0,3.0,1.0,1.0,200.0,1391.0,1.0, [ - ]  [WRONG] [+: 1.02222791997e-15]  [-: 0.0] 
1.0,29.17,3.5,1.0,1.0,1.0,1.0,3.5,1.0,1.0,3.0,2.0,1.0,329.0,0.0,2.0, [ - ]  [+: 0.0]  [-: 1.42354711238e-14] 
1.0,19.33,10.915,1.0,1.0,7.0,3.0,0.585,2.0,1.0,2.0,2.0,1.0,200.0,7.0,2.0, [ - ]  [+: 0.0]  [-: 4.07295535494e-14] 
1.0,37.75,7.0,1.0,1.0,2.0,2.0,11.5,1.0,1.0,7.0,2.0,1.0,300.0,5.0,2.0, [ + ]  [WRONG] [+: 0.0]  [-: 4.59260706579e-22] 
1.0,20.42,7.5,1.0,1.0,6.0,1.0,1.5,1.0,1.0,1.0,1.0,1.0,160.0,234.0,1.0, [ - ]  [WRONG] [+: 5.16508081593e-16]  [-: 0.0] 
1.0,47.33,6.5,1.0,1.0,7.0,1.0,1.0,2.0,2.0,0.0,2.0,1.0,0.0,228.0,2.0, [ - ]  [+: 0.0]  [-: 1.0139549414e-13] 
1.0,22.92,3.165,2.0,2.0,7.0,1.0,0.165,2.0,2.0,0.0,1.0,1.0,160.0,1058.0,2.0, [ - ]  [+: 0.0]  [-: 5.17815179396e-13] 
1.0,28.33,5.0,1.0,1.0,1.0,1.0,11.0,1.0,2.0,0.0,2.0,1.0,70.0,0.0,1.0, [ + ]  [+: 8.26364299628e-17]  [-: 0.0] 
1.0,22.5,0.125,2.0,2.0,6.0,1.0,0.125,2.0,2.0,0.0,1.0,1.0,200.0,70.0,2.0, [ - ]  [+: 0.0]  [-: 1.07498544039e-12] 
1.0,41.92,0.42,1.0,1.0,7.0,2.0,0.21,1.0,1.0,6.0,1.0,1.0,220.0,948.0,1.0, [ + ]  [+: 1.03527400162e-15]  [-: 0.0] 
2.0,25.08,2.54,2.0,2.0,12.0,1.0,0.25,1.0,2.0,0.0,2.0,1.0,370.0,0.0,1.0, [ - ]  [WRONG] [+: 3.41405325189e-17]  [-: 0.0] 
1.0,41.17,1.25,2.0,2.0,1.0,1.0,0.25,2.0,2.0,0.0,1.0,1.0,0.0,195.0,2.0, [ - ]  [+: 0.0]  [-: 3.56148848367e-13] 
1.0,42.17,5.04,1.0,1.0,2.0,2.0,12.75,1.0,2.0,0.0,2.0,1.0,92.0,0.0,1.0, [ + ]  [+: 5.75986454309e-17]  [-: 0.0] 
2.0,18.75,7.5,1.0,1.0,2.0,1.0,2.71,1.0,1.0,5.0,1.0,1.0,184.014771049,26726.0,1.0, [ + ]  [+: 1.1439946538e-17]  [-: 0.0] 
1.0,32.33,7.5,1.0,1.0,11.0,3.0,1.585,1.0,2.0,0.0,2.0,2.0,420.0,0.0,2.0, [ - ]  [+: 0.0]  [-: 7.63887404205e-14] 
1.0,24.58,13.5,2.0,2.0,13.0,4.0,0.0,2.0,2.0,0.0,1.0,1.0,184.014771049,0.0,2.0, [ - ]  [+: 0.0]  [-: 2.45077227155e-13] 
1.0,43.25,25.21,1.0,1.0,2.0,2.0,0.21,1.0,1.0,1.0,1.0,1.0,760.0,90.0,2.0, [ + ]  [WRONG] [+: 0.0]  [-: 9.92097819531e-22] 
1.0,21.0,3.0,2.0,2.0,8.0,1.0,1.085,1.0,1.0,8.0,2.0,1.0,160.0,1.0,1.0, [ + ]  [+: 1.48701873078e-16]  [-: 0.0] 
2.0,30.58,10.665,1.0,1.0,2.0,2.0,0.085,2.0,1.0,12.0,2.0,1.0,129.0,3.0,2.0, [ + ]  [WRONG] [+: 0.0]  [-: 1.71425450213e-21] 
1.0,38.42,0.705,1.0,1.0,7.0,1.0,0.375,2.0,1.0,2.0,1.0,1.0,225.0,500.0,2.0, [ - ]  [+: 0.0]  [-: 1.22760010952e-13] 
1.0,27.42,12.5,1.0,1.0,12.0,3.0,0.25,2.0,2.0,0.0,2.0,1.0,720.0,0.0,2.0, [ - ]  [+: 0.0]  [-: 2.71660432779e-15] 
2.0,20.83,0.5,2.0,2.0,11.0,8.0,1.0,2.0,2.0,0.0,1.0,1.0,260.0,0.0,2.0, [ - ]  [+: 0.0]  [-: 6.70545999859e-13] 
1.0,21.25,1.5,1.0,1.0,1.0,1.0,1.5,2.0,2.0,0.0,1.0,1.0,150.0,8.0,1.0, [ - ]  [WRONG] [+: 2.48848753666e-17]  [-: 0.0] 
2.0,22.67,0.335,1.0,1.0,2.0,1.0,0.75,2.0,2.0,0.0,1.0,2.0,160.0,0.0,2.0, [ - ]  [+: 0.0]  [-: 3.63320563147e-13] 
1.0,35.0,2.5,1.0,1.0,10.0,1.0,1.0,2.0,2.0,0.0,2.0,1.0,210.0,0.0,2.0, [ - ]  [+: 0.0]  [-: 9.43819450558e-13] 
2.0,18.92,9.25,2.0,2.0,7.0,1.0,1.0,1.0,1.0,4.0,2.0,1.0,80.0,500.0,1.0, [ - ]  [WRONG] [+: 2.1964299718e-16]  [-: 0.0] 
2.0,24.5,0.5,1.0,1.0,2.0,2.0,1.5,1.0,2.0,0.0,1.0,1.0,280.0,824.0,1.0, [ - ]  [WRONG] [+: 4.22448704497e-16]  [-: 0.0] 
2.0,16.08,0.335,1.0,1.0,13.0,4.0,0.0,2.0,1.0,1.0,1.0,1.0,160.0,126.0,2.0, [ - ]  [+: 0.0]  [-: 1.83754755108e-13] 
2.0,44.17,6.665,1.0,1.0,2.0,1.0,7.375,1.0,1.0,3.0,2.0,1.0,0.0,0.0,1.0, [ + ]  [+: 7.96101704948e-16]  [-: 0.0] 
1.0,64.08,20.0,1.0,1.0,9.0,2.0,17.5,1.0,1.0,9.0,2.0,1.0,0.0,1000.0,1.0, [ + ]  [+: 9.48476379075e-21]  [-: 0.0] 
2.0,41.33,1.0,1.0,1.0,10.0,3.0,2.25,1.0,2.0,0.0,2.0,1.0,0.0,300.0,1.0, [ - ]  [WRONG] [+: 8.88573124332e-17]  [-: 0.0] 
2.0,16.92,0.5,1.0,1.0,10.0,1.0,0.165,2.0,1.0,6.0,2.0,1.0,240.0,35.0,2.0, [ - ]  [+: 0.0]  [-: 3.23172975918e-15] 
2.0,36.0,1.0,1.0,1.0,7.0,1.0,2.0,1.0,1.0,11.0,1.0,1.0,0.0,456.0,1.0, [ + ]  [+: 3.80258762938e-16]  [-: 0.0] 
1.0,59.5,2.75,1.0,1.0,1.0,1.0,1.75,1.0,1.0,5.0,2.0,1.0,60.0,58.0,1.0, [ + ]  [+: 1.93514820152e-16]  [-: 0.0] 
2.0,17.92,0.54,1.0,1.0,7.0,1.0,1.75,2.0,1.0,1.0,2.0,1.0,80.0,5.0,2.0, [ - ]  [+: 0.0]  [-: 9.55107152207e-14] 
1.0,31.5681710914,0.625,1.0,1.0,6.0,1.0,0.25,2.0,2.0,0.0,1.0,1.0,380.0,2010.0,2.0, [ - ]  [+: 0.0]  [-: 1.06555182472e-14] 
1.0,36.17,18.125,1.0,1.0,1.0,1.0,0.085,2.0,2.0,0.0,1.0,1.0,320.0,3552.0,2.0, [ + ]  [WRONG] [+: 0.0]  [-: 4.41538802349e-21] 
1.0,22.08,11.0,1.0,1.0,5.0,1.0,0.665,1.0,2.0,0.0,1.0,1.0,100.0,0.0,1.0, [ - ]  [WRONG] [+: 2.3743699557e-16]  [-: 0.0] 
2.0,18.83,9.5,1.0,1.0,1.0,1.0,1.625,1.0,1.0,6.0,2.0,1.0,40.0,600.0,1.0, [ + ]  [+: 6.99741037581e-16]  [-: 0.0] 
1.0,19.17,0.0,2.0,2.0,3.0,3.0,0.0,2.0,2.0,0.0,2.0,2.0,500.0,1.0,1.0, [ - ]  [WRONG] [+: 2.86660065393e-19]  [-: 0.0] 
1.0,36.75,0.125,2.0,2.0,7.0,1.0,1.5,2.0,2.0,0.0,2.0,1.0,232.0,113.0,1.0, [ - ]  [WRONG] [+: 7.82192689858e-18]  [-: 0.0] 
2.0,47.42,3.0,1.0,1.0,9.0,1.0,13.875,1.0,1.0,2.0,2.0,1.0,519.0,1704.0,1.0, [ + ]  [+: 7.62495435109e-18]  [-: 0.0] 
1.0,20.0,0.0,1.0,1.0,8.0,1.0,0.5,2.0,2.0,0.0,1.0,1.0,144.0,0.0,2.0, [ - ]  [+: 0.0]  [-: 4.36592789791e-13] 
2.0,52.5,7.0,1.0,1.0,12.0,2.0,3.0,2.0,2.0,0.0,1.0,1.0,0.0,0.0,2.0, [ - ]  [+: 0.0]  [-: 1.77631026256e-14] 
2.0,18.83,9.54,1.0,1.0,12.0,1.0,0.085,1.0,2.0,0.0,1.0,1.0,100.0,0.0,1.0, [ - ]  [WRONG] [+: 1.100108925e-16]  [-: 0.0] 
1.0,21.92,0.54,2.0,2.0,9.0,1.0,0.04,1.0,1.0,1.0,2.0,1.0,840.0,59.0,1.0, [ - ]  [WRONG] [+: 9.23680078015e-20]  [-: 0.0] 
1.0,21.08,4.125,2.0,2.0,10.0,2.0,0.04,2.0,2.0,0.0,1.0,1.0,140.0,100.0,2.0, [ - ]  [+: 0.0]  [-: 8.86605351213e-13] 
1.0,34.08,6.5,1.0,1.0,12.0,1.0,0.125,1.0,2.0,0.0,2.0,1.0,443.0,0.0,2.0, [ - ]  [+: 0.0]  [-: 6.88303855341e-14] 
1.0,48.08,6.04,1.0,1.0,6.0,1.0,0.04,2.0,2.0,0.0,1.0,1.0,0.0,2690.0,1.0, [ - ]  [WRONG] [+: 7.01603378329e-18]  [-: 0.0] 
1.0,21.83,1.54,1.0,1.0,6.0,1.0,0.085,2.0,2.0,0.0,2.0,1.0,356.0,0.0,2.0, [ - ]  [+: 0.0]  [-: 4.22883925663e-13] 
1.0,49.5,7.585,1.0,1.0,10.0,3.0,7.585,1.0,1.0,15.0,2.0,1.0,0.0,5000.0,1.0, [ + ]  [+: 2.03503439591e-17]  [-: 0.0] 
1.0,40.92,2.25,2.0,2.0,9.0,2.0,10.0,1.0,2.0,0.0,2.0,1.0,176.0,0.0,2.0, [ + ]  [WRONG] [+: 0.0]  [-: 5.45242819483e-18] 
1.0,18.58,5.71,1.0,1.0,8.0,1.0,0.54,2.0,2.0,0.0,1.0,1.0,120.0,0.0,2.0, [ - ]  [+: 0.0]  [-: 4.99274149861e-13] 
2.0,28.5,1.0,1.0,1.0,2.0,1.0,1.0,1.0,1.0,2.0,2.0,1.0,167.0,500.0,2.0, [ - ]  [+: 0.0]  [-: 2.72869507904e-14] 
1.0,18.33,1.21,2.0,2.0,11.0,8.0,0.0,2.0,2.0,0.0,1.0,1.0,100.0,0.0,2.0, [ - ]  [+: 0.0]  [-: 4.85229001054e-13] 
1.0,23.92,1.5,1.0,1.0,8.0,2.0,1.875,1.0,1.0,6.0,1.0,1.0,200.0,327.0,1.0, [ - ]  [WRONG] [+: 8.89550410632e-16]  [-: 0.0] 
1.0,23.58,0.835,1.0,1.0,10.0,2.0,0.085,2.0,2.0,0.0,2.0,1.0,220.0,5.0,2.0, [ - ]  [+: 0.0]  [-: 4.02110966698e-13] 
2.0,20.83,8.5,1.0,1.0,7.0,1.0,0.165,2.0,2.0,0.0,1.0,1.0,0.0,351.0,2.0, [ - ]  [+: 0.0]  [-: 1.60914485514e-13] 
2.0,25.75,0.5,1.0,1.0,7.0,2.0,0.875,1.0,2.0,0.0,2.0,1.0,491.0,0.0,1.0, [ - ]  [WRONG] [+: 5.42754798185e-17]  [-: 0.0] 
2.0,15.83,0.585,1.0,1.0,7.0,2.0,1.5,1.0,1.0,2.0,1.0,1.0,100.0,0.0,1.0, [ - ]  [WRONG] [+: 5.85651596371e-16]  [-: 0.0] 
2.0,22.92,11.585,1.0,1.0,5.0,1.0,0.04,1.0,2.0,0.0,1.0,1.0,80.0,1349.0,1.0, [ - ]  [WRONG] [+: 2.07776305888e-16]  [-: 0.0] 
1.0,39.25,9.5,1.0,1.0,3.0,1.0,6.5,1.0,1.0,14.0,1.0,1.0,240.0,4607.0,1.0, [ + ]  [+: 1.79980513254e-16]  [-: 0.0] 
2.0,41.58,1.04,1.0,1.0,12.0,1.0,0.665,2.0,2.0,0.0,1.0,1.0,240.0,237.0,2.0, [ - ]  [+: 0.0]  [-: 3.94008919555e-13] 
1.0,28.25,5.125,1.0,1.0,9.0,1.0,4.75,1.0,1.0,2.0,1.0,1.0,420.0,7.0,1.0, [ - ]  [WRONG] [+: 9.538766018e-16]  [-: 0.0] 
1.0,21.67,1.165,2.0,2.0,6.0,1.0,2.5,1.0,1.0,1.0,1.0,1.0,180.0,20.0,2.0, [ - ]  [+: 0.0]  [-: 1.09394820687e-13] 
1.0,32.67,5.5,1.0,1.0,2.0,2.0,5.5,1.0,1.0,12.0,2.0,1.0,408.0,1000.0,1.0, [ + ]  [+: 5.28841090759e-16]  [-: 0.0] 
1.0,25.0,12.5,1.0,1.0,12.0,1.0,3.0,1.0,2.0,0.0,2.0,2.0,20.0,0.0,1.0, [ - ]  [WRONG] [+: 5.67061017144e-17]  [-: 0.0] 
1.0,23.17,11.125,1.0,1.0,9.0,2.0,0.46,1.0,1.0,1.0,1.0,1.0,100.0,0.0,1.0, [ - ]  [WRONG] [+: 1.4445793777e-15]  [-: 0.0] 
1.0,40.83,3.5,1.0,1.0,10.0,3.0,0.5,2.0,2.0,0.0,1.0,2.0,1160.0,0.0,2.0, [ - ]  [+: 0.0]  [-: 2.27760948242e-18] 
1.0,39.58,13.915,1.0,1.0,1.0,1.0,8.625,1.0,1.0,6.0,2.0,1.0,70.0,0.0,1.0, [ + ]  [+: 2.33995036533e-16]  [-: 0.0] 
1.0,47.17,5.835,1.0,1.0,1.0,1.0,5.5,2.0,2.0,0.0,1.0,1.0,465.0,150.0,2.0, [ - ]  [+: 0.0]  [-: 7.89902559137e-15] 
1.0,21.17,0.875,2.0,2.0,7.0,2.0,0.25,2.0,2.0,0.0,1.0,1.0,280.0,204.0,2.0, [ - ]  [+: 0.0]  [-: 5.23383415816e-13] 
1.0,40.58,5.0,1.0,1.0,7.0,1.0,5.0,1.0,1.0,7.0,1.0,1.0,0.0,3065.0,1.0, [ + ]  [+: 8.47842660152e-16]  [-: 0.0] 
1.0,28.0,3.0,1.0,1.0,1.0,1.0,0.75,2.0,2.0,0.0,2.0,1.0,300.0,67.0,2.0, [ - ]  [+: 0.0]  [-: 5.72995613874e-13] 
2.0,17.83,11.0,1.0,1.0,9.0,2.0,1.0,1.0,1.0,11.0,1.0,1.0,0.0,3000.0,1.0, [ + ]  [+: 4.26471959455e-16]  [-: 0.0] 
1.0,34.92,5.0,1.0,1.0,9.0,2.0,7.5,1.0,1.0,6.0,2.0,1.0,0.0,1000.0,1.0, [ + ]  [+: 2.07672648233e-15]  [-: 0.0] 
1.0,51.83,2.04,2.0,2.0,13.0,4.0,1.5,2.0,2.0,0.0,1.0,1.0,120.0,1.0,2.0, [ - ]  [+: 0.0]  [-: 3.60519339719e-13] 
1.0,36.25,5.0,1.0,1.0,7.0,3.0,2.5,1.0,1.0,6.0,1.0,1.0,0.0,367.0,1.0, [ + ]  [+: 1.0798558723e-15]  [-: 0.0] 
1.0,23.0,0.625,2.0,2.0,12.0,1.0,0.125,1.0,2.0,0.0,1.0,1.0,180.0,1.0,2.0, [ - ]  [+: 0.0]  [-: 2.62435173602e-13] 
1.0,48.08,3.75,1.0,1.0,10.0,3.0,1.0,2.0,2.0,0.0,1.0,1.0,100.0,2.0,2.0, [ - ]  [+: 0.0]  [-: 2.26360320096e-13] 
1.0,32.75,1.5,1.0,1.0,5.0,2.0,5.5,1.0,1.0,3.0,2.0,1.0,0.0,0.0,1.0, [ + ]  [+: 1.86592775806e-15]  [-: 0.0] 
1.0,31.08,1.5,2.0,2.0,1.0,1.0,0.04,2.0,2.0,0.0,1.0,2.0,160.0,0.0,2.0, [ - ]  [+: 0.0]  [-: 1.3614811389e-12] 
2.0,34.83,1.25,2.0,2.0,10.0,2.0,0.5,2.0,2.0,0.0,2.0,1.0,160.0,0.0,2.0, [ - ]  [+: 0.0]  [-: 9.41169712853e-13] 
1.0,27.25,0.625,1.0,1.0,12.0,1.0,0.455,1.0,2.0,0.0,2.0,1.0,200.0,0.0,2.0, [ - ]  [+: 0.0]  [-: 1.60878472363e-13] 
1.0,19.0,0.0,2.0,2.0,13.0,4.0,0.0,2.0,1.0,4.0,1.0,1.0,45.0,1.0,2.0, [ - ]  [+: 0.0]  [-: 8.47002034935e-14] 
1.0,39.17,2.5,2.0,2.0,10.0,2.0,10.0,2.0,2.0,0.0,2.0,2.0,200.0,0.0,2.0, [ - ]  [+: 0.0]  [-: 1.77204210289e-16] 
1.0,23.17,0.0,1.0,1.0,5.0,1.0,0.085,1.0,2.0,0.0,1.0,1.0,0.0,0.0,1.0, [ - ]  [WRONG] [+: 1.42050170242e-16]  [-: 0.0] 
1.0,34.42,1.335,1.0,1.0,10.0,3.0,0.125,2.0,2.0,0.0,2.0,1.0,440.0,4500.0,2.0, [ + ]  [WRONG] [+: 0.0]  [-: 1.76602107421e-22] 
1.0,34.25,1.75,1.0,1.0,1.0,3.0,0.25,1.0,2.0,0.0,2.0,1.0,163.0,0.0,2.0, [ - ]  [+: 0.0]  [-: 1.21302300011e-13] 
1.0,23.25,1.5,1.0,1.0,2.0,1.0,2.375,1.0,1.0,3.0,2.0,1.0,0.0,582.0,1.0, [ - ]  [WRONG] [+: 9.39079091181e-16]  [-: 0.0] 
1.0,25.75,0.75,1.0,1.0,7.0,3.0,0.25,1.0,2.0,0.0,1.0,1.0,349.0,23.0,1.0, [ - ]  [WRONG] [+: 1.10481087101e-16]  [-: 0.0] 
2.0,32.33,0.54,1.0,1.0,5.0,1.0,0.04,1.0,2.0,0.0,1.0,1.0,440.0,11177.0,1.0, [ + ]  [+: 5.35832891721e-17]  [-: 0.0] 
1.0,31.5681710914,4.0,1.0,1.0,9.0,1.0,5.0,1.0,1.0,3.0,2.0,1.0,290.0,2279.0,1.0, [ + ]  [+: 2.6424079677e-15]  [-: 0.0] 
1.0,28.67,9.335,1.0,1.0,2.0,2.0,5.665,1.0,1.0,6.0,1.0,1.0,381.0,168.0,1.0, [ + ]  [+: 1.18539779361e-15]  [-: 0.0] 
1.0,31.0,2.085,1.0,1.0,7.0,1.0,0.085,2.0,2.0,0.0,1.0,1.0,300.0,0.0,2.0, [ - ]  [+: 0.0]  [-: 5.74110906974e-13] 
1.0,21.92,0.5,1.0,1.0,7.0,1.0,0.125,2.0,2.0,0.0,1.0,1.0,360.0,0.0,2.0, [ - ]  [+: 0.0]  [-: 2.88092884695e-13] 
1.0,22.17,2.25,1.0,1.0,10.0,1.0,0.125,2.0,2.0,0.0,1.0,1.0,160.0,10.0,2.0, [ - ]  [+: 0.0]  [-: 7.14105133028e-13] 
1.0,25.17,3.5,1.0,1.0,5.0,1.0,0.625,1.0,1.0,7.0,1.0,1.0,0.0,7059.0,1.0, [ + ]  [+: 8.67146421607e-16]  [-: 0.0] 
2.0,26.58,2.54,2.0,2.0,13.0,4.0,0.0,2.0,2.0,0.0,2.0,1.0,180.0,60.0,2.0, [ - ]  [+: 0.0]  [-: 2.74452735068e-12] 
2.0,19.17,8.585,1.0,1.0,5.0,2.0,0.75,1.0,1.0,7.0,1.0,1.0,96.0,0.0,1.0, [ + ]  [+: 1.56014657887e-15]  [-: 0.0] 
1.0,17.25,3.0,1.0,1.0,6.0,1.0,0.04,2.0,2.0,0.0,2.0,1.0,160.0,40.0,2.0, [ - ]  [+: 0.0]  [-: 4.32484706193e-13] 
1.0,24.17,0.875,1.0,1.0,2.0,1.0,4.625,1.0,1.0,2.0,2.0,1.0,520.0,2000.0,1.0, [ + ]  [+: 1.50236826173e-16]  [-: 0.0] 
1.0,35.0,3.375,1.0,1.0,7.0,2.0,8.29,2.0,2.0,0.0,2.0,1.0,0.0,0.0,2.0, [ - ]  [+: 0.0]  [-: 8.26447981355e-16] 
1.0,26.5,2.71,2.0,2.0,7.0,1.0,0.085,2.0,2.0,0.0,1.0,2.0,80.0,0.0,2.0, [ - ]  [+: 0.0]  [-: 1.48226305854e-12] 
2.0,71.58,0.0,1.0,1.0,7.0,1.0,0.0,2.0,2.0,0.0,1.0,3.0,184.014771049,0.0,1.0, [ - ]  [WRONG] [+: 3.57385458666e-19]  [-: 0.0] 
1.0,31.67,0.83,1.0,1.0,9.0,1.0,1.335,1.0,1.0,8.0,2.0,1.0,303.0,3290.0,1.0, [ + ]  [+: 1.36379146764e-15]  [-: 0.0] 
1.0,20.42,0.0,1.0,1.0,7.0,1.0,0.0,2.0,2.0,0.0,1.0,3.0,184.014771049,0.0,2.0, [ - ]  [+: 0.0]  [-: 1.68490449588e-13] 
1.0,63.33,0.54,1.0,1.0,7.0,1.0,0.585,1.0,1.0,3.0,2.0,1.0,180.0,0.0,2.0, [ - ]  [+: 0.0]  [-: 1.80902832251e-16] 
1.0,33.75,2.75,1.0,1.0,10.0,3.0,0.0,2.0,2.0,0.0,1.0,1.0,180.0,0.0,2.0, [ - ]  [+: 0.0]  [-: 8.8124662657e-13] 
1.0,25.17,3.0,1.0,1.0,7.0,1.0,1.25,2.0,1.0,1.0,1.0,1.0,0.0,22.0,2.0, [ - ]  [+: 0.0]  [-: 1.67871939803e-13] 
2.0,40.33,8.125,2.0,2.0,6.0,1.0,0.165,2.0,1.0,2.0,1.0,1.0,184.014771049,18.0,2.0, [ - ]  [+: 0.0]  [-: 2.17443975983e-13] 
1.0,18.0,0.165,1.0,1.0,2.0,9.0,0.21,2.0,2.0,0.0,1.0,1.0,200.0,40.0,1.0, [ - ]  [WRONG] [+: 1.19008356361e-17]  [-: 0.0] 
2.0,20.42,0.835,1.0,1.0,2.0,1.0,1.585,1.0,1.0,1.0,1.0,1.0,0.0,0.0,1.0, [ - ]  [WRONG] [+: 5.52563283358e-16]  [-: 0.0] 
2.0,31.5681710914,3.5,1.0,1.0,8.0,1.0,3.0,1.0,2.0,0.0,2.0,1.0,300.0,0.0,2.0, [ - ]  [+: 0.0]  [-: 1.50718855511e-13] 
2.0,20.83,3.0,1.0,1.0,12.0,1.0,0.04,1.0,2.0,0.0,1.0,1.0,100.0,0.0,1.0, [ - ]  [WRONG] [+: 1.4896356737e-16]  [-: 0.0] 
2.0,38.58,5.0,1.0,1.0,5.0,1.0,13.5,1.0,2.0,0.0,2.0,1.0,980.0,0.0,2.0, [ + ]  [WRONG] [+: 0.0]  [-: 4.25811243394e-25] 
1.0,22.75,11.5,1.0,1.0,10.0,1.0,0.415,2.0,2.0,0.0,1.0,1.0,0.0,0.0,2.0, [ - ]  [+: 0.0]  [-: 1.05978523013e-13] 
1.0,31.92,4.46,1.0,1.0,5.0,2.0,6.04,1.0,1.0,3.0,1.0,1.0,311.0,300.0,1.0, [ + ]  [+: 2.55165684188e-15]  [-: 0.0] 
1.0,16.25,0.0,2.0,2.0,12.0,1.0,0.25,2.0,2.0,0.0,1.0,1.0,60.0,0.0,2.0, [ - ]  [+: 0.0]  [-: 4.01950787536e-13] 
2.0,16.0,0.165,1.0,1.0,12.0,1.0,1.0,2.0,1.0,2.0,2.0,1.0,320.0,1.0,2.0, [ - ]  [+: 0.0]  [-: 6.82143858706e-14] 
2.0,20.5,11.835,1.0,1.0,7.0,2.0,6.0,1.0,2.0,0.0,1.0,1.0,340.0,0.0,1.0, [ - ]  [WRONG] [+: 1.13870216505e-16]  [-: 0.0] 
2.0,38.33,4.415,1.0,1.0,7.0,1.0,0.125,2.0,2.0,0.0,1.0,1.0,160.0,0.0,2.0, [ - ]  [+: 0.0]  [-: 4.83919832959e-13] 
2.0,46.0,4.0,1.0,1.0,14.0,5.0,0.0,1.0,2.0,0.0,1.0,1.0,100.0,960.0,1.0, [ - ]  [WRONG] [+: 1.38661912642e-16]  [-: 0.0] 
2.0,36.75,4.71,1.0,1.0,13.0,4.0,0.0,2.0,2.0,0.0,1.0,1.0,160.0,0.0,2.0, [ - ]  [+: 0.0]  [-: 1.15006075397e-12] 
1.0,34.08,2.5,1.0,1.0,7.0,1.0,1.0,2.0,2.0,0.0,1.0,1.0,460.0,16.0,2.0, [ - ]  [+: 0.0]  [-: 2.88045959253e-13] 
2.0,56.5,16.0,1.0,1.0,14.0,4.0,0.0,1.0,1.0,15.0,1.0,1.0,0.0,247.0,1.0, [ + ]  [+: 1.03768919452e-18]  [-: 0.0] 
1.0,56.58,18.5,1.0,1.0,8.0,3.0,15.0,1.0,1.0,17.0,2.0,1.0,0.0,0.0,1.0, [ + ]  [+: 8.15133850471e-21]  [-: 0.0] 
1.0,33.67,1.25,1.0,1.0,1.0,1.0,1.165,2.0,2.0,0.0,1.0,1.0,120.0,0.0,2.0, [ - ]  [+: 0.0]  [-: 4.985168109e-13] 
1.0,28.25,0.875,1.0,1.0,3.0,1.0,0.96,1.0,1.0,3.0,2.0,1.0,396.0,0.0,1.0, [ - ]  [WRONG] [+: 4.02942469088e-16]  [-: 0.0] 
1.0,21.83,11.0,1.0,1.0,9.0,1.0,0.29,1.0,1.0,6.0,1.0,1.0,121.0,0.0,1.0, [ + ]  [+: 1.06336064084e-15]  [-: 0.0] 
1.0,39.58,5.0,1.0,1.0,13.0,4.0,0.0,2.0,1.0,2.0,1.0,1.0,17.0,1.0,2.0, [ - ]  [+: 0.0]  [-: 1.9239563289e-13] 
1.0,33.58,2.75,1.0,1.0,3.0,1.0,4.25,1.0,1.0,6.0,1.0,1.0,204.0,0.0,1.0, [ + ]  [+: 1.548918544e-15]  [-: 0.0] 
1.0,33.17,1.04,1.0,1.0,4.0,2.0,6.5,1.0,2.0,0.0,2.0,1.0,164.0,31285.0,1.0, [ + ]  [+: 4.75701271614e-19]  [-: 0.0] 
2.0,47.0,13.0,1.0,1.0,10.0,3.0,5.165,1.0,1.0,9.0,2.0,1.0,0.0,0.0,1.0, [ + ]  [+: 8.97455940021e-17]  [-: 0.0] 
2.0,45.83,10.5,1.0,1.0,2.0,1.0,5.0,1.0,1.0,7.0,2.0,1.0,0.0,0.0,1.0, [ + ]  [+: 6.53453404574e-16]  [-: 0.0] 
2.0,24.75,3.0,1.0,1.0,2.0,2.0,1.835,1.0,1.0,19.0,1.0,1.0,0.0,500.0,1.0, [ + ]  [+: 4.45692558178e-17]  [-: 0.0] 
2.0,17.67,0.0,2.0,2.0,14.0,4.0,0.0,2.0,2.0,0.0,1.0,1.0,86.0,0.0,2.0, [ - ]  [+: 0.0]  [-: 6.90806342817e-13] 
1.0,20.67,0.835,2.0,2.0,7.0,1.0,2.0,2.0,2.0,0.0,2.0,2.0,240.0,0.0,2.0, [ - ]  [+: 0.0]  [-: 1.1060278247e-12] 
1.0,76.75,22.29,1.0,1.0,11.0,6.0,12.75,1.0,1.0,1.0,2.0,1.0,0.0,109.0,1.0, [ + ]  [+: 3.44961215429e-21]  [-: 0.0] 
2.0,20.67,1.835,1.0,1.0,2.0,1.0,2.085,1.0,1.0,5.0,1.0,1.0,220.0,2503.0,1.0, [ + ]  [+: 1.37396090627e-15]  [-: 0.0] 
1.0,30.67,2.5,1.0,1.0,5.0,2.0,2.25,2.0,2.0,0.0,2.0,2.0,340.0,0.0,2.0, [ - ]  [+: 0.0]  [-: 2.30761804747e-13] 
1.0,36.17,0.42,2.0,2.0,1.0,1.0,0.29,2.0,2.0,0.0,2.0,1.0,309.0,2.0,2.0, [ - ]  [+: 0.0]  [-: 6.49604843048e-13] 
1.0,34.17,9.17,1.0,1.0,7.0,1.0,4.5,1.0,1.0,12.0,2.0,1.0,0.0,221.0,1.0, [ + ]  [+: 3.47631788976e-16]  [-: 0.0] 
1.0,36.33,2.125,2.0,2.0,1.0,1.0,0.085,1.0,1.0,1.0,1.0,1.0,50.0,1187.0,1.0, [ - ]  [WRONG] [+: 2.9027276789e-16]  [-: 0.0] 
2.0,19.5,0.165,1.0,1.0,2.0,1.0,0.04,2.0,2.0,0.0,2.0,1.0,380.0,0.0,2.0, [ - ]  [+: 0.0]  [-: 1.13856963594e-13] 
1.0,73.42,17.75,1.0,1.0,13.0,4.0,0.0,1.0,2.0,0.0,2.0,1.0,0.0,0.0,1.0, [ - ]  [WRONG] [+: 1.37673777501e-20]  [-: 0.0] 
1.0,56.42,28.0,2.0,2.0,7.0,1.0,28.5,1.0,1.0,40.0,1.0,1.0,0.0,15.0,1.0, [ + ]  [+: 1.65307949818e-38]  [-: 0.0] 
2.0,18.17,10.0,2.0,2.0,2.0,2.0,0.165,2.0,2.0,0.0,1.0,1.0,340.0,0.0,2.0, [ - ]  [+: 0.0]  [-: 8.6895910077e-14] 
2.0,19.75,0.75,1.0,1.0,7.0,1.0,0.795,1.0,1.0,5.0,2.0,1.0,140.0,5.0,2.0, [ - ]  [+: 0.0]  [-: 3.01548279895e-15] 
1.0,31.5681710914,0.5,1.0,1.0,7.0,3.0,0.835,1.0,2.0,0.0,2.0,2.0,320.0,0.0,2.0, [ - ]  [+: 0.0]  [-: 1.60598879436e-13] 
1.0,34.5,4.04,2.0,2.0,10.0,3.0,8.5,1.0,1.0,7.0,2.0,1.0,195.0,0.0,1.0, [ + ]  [+: 1.26623024819e-16]  [-: 0.0] 
2.0,45.0,4.585,1.0,1.0,6.0,2.0,1.0,2.0,2.0,0.0,2.0,2.0,240.0,0.0,2.0, [ - ]  [+: 0.0]  [-: 2.86833381797e-13] 
1.0,22.08,0.83,1.0,1.0,7.0,2.0,2.165,2.0,2.0,0.0,2.0,1.0,128.0,0.0,1.0, [ - ]  [WRONG] [+: 3.18375507766e-17]  [-: 0.0] 
1.0,29.5,2.0,2.0,2.0,11.0,2.0,2.0,2.0,2.0,0.0,1.0,1.0,256.0,17.0,2.0, [ - ]  [+: 0.0]  [-: 7.16167690655e-13] 
2.0,28.58,3.75,1.0,1.0,7.0,1.0,0.25,2.0,1.0,1.0,2.0,1.0,40.0,154.0,2.0, [ - ]  [+: 0.0]  [-: 1.95193532501e-13] 
2.0,25.0,0.875,1.0,1.0,9.0,2.0,1.04,1.0,2.0,0.0,2.0,1.0,160.0,5860.0,1.0, [ + ]  [+: 6.64063240799e-16]  [-: 0.0] 
1.0,31.5681710914,10.5,1.0,1.0,9.0,1.0,6.5,1.0,2.0,0.0,1.0,1.0,0.0,0.0,1.0, [ - ]  [WRONG] [+: 2.74665114805e-16]  [-: 0.0] 
2.0,20.75,9.54,1.0,1.0,10.0,1.0,0.04,2.0,2.0,0.0,1.0,1.0,200.0,1000.0,2.0, [ - ]  [+: 0.0]  [-: 1.37413341464e-13] 
1.0,17.58,10.0,1.0,1.0,1.0,2.0,0.165,2.0,1.0,1.0,1.0,1.0,120.0,1.0,2.0, [ - ]  [+: 0.0]  [-: 2.63289858217e-14] 
1.0,25.67,2.21,2.0,2.0,12.0,1.0,4.0,1.0,2.0,0.0,1.0,1.0,188.0,0.0,2.0, [ - ]  [+: 0.0]  [-: 1.7511450225e-13] 
1.0,44.25,11.0,2.0,2.0,8.0,1.0,1.5,1.0,2.0,0.0,1.0,2.0,0.0,0.0,2.0, [ - ]  [+: 0.0]  [-: 4.33883608553e-14] 
1.0,38.17,10.125,1.0,1.0,9.0,1.0,2.5,1.0,1.0,6.0,1.0,1.0,520.0,196.0,1.0, [ + ]  [+: 2.53780846327e-16]  [-: 0.0] 
1.0,31.5681710914,5.0,2.0,2.0,12.0,1.0,8.5,1.0,2.0,0.0,1.0,1.0,0.0,0.0,2.0, [ - ]  [+: 0.0]  [-: 6.07871222909e-16] 
1.0,47.83,4.165,1.0,1.0,9.0,3.0,0.085,2.0,2.0,0.0,2.0,1.0,520.0,0.0,2.0, [ - ]  [+: 0.0]  [-: 1.10423179594e-14] 
2.0,15.83,7.625,1.0,1.0,2.0,1.0,0.125,2.0,1.0,1.0,2.0,1.0,0.0,160.0,2.0, [ - ]  [+: 0.0]  [-: 2.8151316386e-14] 
1.0,35.17,2.5,1.0,1.0,6.0,1.0,4.5,1.0,1.0,7.0,1.0,1.0,150.0,1270.0,1.0, [ + ]  [+: 9.08367089893e-16]  [-: 0.0] 
1.0,34.92,2.5,1.0,1.0,1.0,1.0,0.0,1.0,2.0,0.0,2.0,1.0,239.0,200.0,1.0, [ - ]  [WRONG] [+: 3.37780571511e-16]  [-: 0.0] 
1.0,36.33,3.79,1.0,1.0,1.0,1.0,1.165,1.0,2.0,0.0,2.0,1.0,200.0,0.0,2.0, [ - ]  [+: 0.0]  [-: 1.39222674371e-13] 
1.0,26.17,0.835,1.0,1.0,5.0,1.0,1.165,2.0,2.0,0.0,1.0,1.0,100.0,0.0,2.0, [ - ]  [+: 0.0]  [-: 2.82011778919e-13] 
1.0,43.08,0.375,2.0,2.0,7.0,1.0,0.375,1.0,1.0,8.0,2.0,1.0,300.0,162.0,1.0, [ + ]  [+: 1.37880290456e-16]  [-: 0.0] 
2.0,21.25,2.335,1.0,1.0,10.0,3.0,0.5,1.0,1.0,4.0,1.0,2.0,80.0,0.0,1.0, [ - ]  [WRONG] [+: 2.24865684777e-16]  [-: 0.0] 
1.0,31.67,16.165,1.0,1.0,8.0,1.0,3.0,1.0,1.0,9.0,1.0,1.0,250.0,730.0,1.0, [ + ]  [+: 1.04699989332e-16]  [-: 0.0] 
1.0,32.25,0.165,2.0,2.0,7.0,2.0,3.25,1.0,1.0,1.0,2.0,1.0,432.0,8000.0,1.0, [ + ]  [+: 1.07283206659e-16]  [-: 0.0] 
1.0,47.67,0.29,1.0,1.0,7.0,3.0,15.0,1.0,1.0,20.0,1.0,1.0,0.0,15000.0,1.0, [ + ]  [+: 2.49104581024e-20]  [-: 0.0] 
1.0,31.5681710914,4.0,2.0,2.0,10.0,1.0,0.085,2.0,2.0,0.0,2.0,1.0,411.0,0.0,2.0, [ - ]  [+: 0.0]  [-: 1.05430790884e-12] 
1.0,36.67,3.25,1.0,1.0,2.0,2.0,9.0,1.0,2.0,0.0,2.0,1.0,102.0,639.0,1.0, [ + ]  [+: 3.60443434978e-16]  [-: 0.0] 
1.0,23.08,2.5,1.0,1.0,7.0,1.0,1.085,1.0,1.0,11.0,2.0,1.0,60.0,2184.0,1.0, [ + ]  [+: 4.1606018083e-16]  [-: 0.0] 
1.0,29.42,1.25,1.0,1.0,7.0,2.0,0.25,2.0,1.0,2.0,2.0,1.0,400.0,108.0,2.0, [ - ]  [+: 0.0]  [-: 7.10288221554e-14] 
1.0,25.33,0.58,1.0,1.0,7.0,1.0,0.29,1.0,1.0,7.0,2.0,1.0,96.0,5124.0,1.0, [ + ]  [+: 6.30688650397e-16]  [-: 0.0] 
2.0,27.25,0.29,1.0,1.0,3.0,2.0,0.125,2.0,1.0,1.0,2.0,1.0,272.0,108.0,2.0, [ - ]  [+: 0.0]  [-: 1.11132040235e-13] 
1.0,52.33,1.375,2.0,2.0,7.0,2.0,9.46,1.0,2.0,0.0,2.0,1.0,200.0,100.0,2.0, [ + ]  [WRONG] [+: 0.0]  [-: 9.61454945307e-18] 
1.0,21.08,10.085,2.0,2.0,11.0,2.0,1.25,2.0,2.0,0.0,1.0,1.0,260.0,0.0,2.0, [ - ]  [+: 0.0]  [-: 2.13888613182e-13] 
1.0,30.83,0.0,1.0,1.0,1.0,1.0,1.25,1.0,1.0,1.0,1.0,1.0,202.0,0.0,1.0, [ - ]  [WRONG] [+: 9.46709732406e-16]  [-: 0.0] 
1.0,40.0,6.5,1.0,1.0,12.0,3.0,3.5,1.0,1.0,1.0,1.0,1.0,0.0,500.0,1.0, [ - ]  [WRONG] [+: 6.69577581492e-16]  [-: 0.0] 
1.0,22.67,1.585,2.0,2.0,1.0,1.0,3.085,1.0,1.0,6.0,1.0,1.0,80.0,0.0,1.0, [ - ]  [WRONG] [+: 3.37899138475e-16]  [-: 0.0] 
2.0,33.75,0.75,1.0,1.0,6.0,3.0,1.0,1.0,1.0,3.0,2.0,1.0,212.0,0.0,2.0, [ - ]  [+: 0.0]  [-: 3.44425542531e-14] 
1.0,48.17,7.625,1.0,1.0,1.0,2.0,15.5,1.0,1.0,12.0,1.0,1.0,0.0,790.0,1.0, [ + ]  [+: 4.73658949052e-18]  [-: 0.0] 
2.0,22.92,1.25,1.0,1.0,2.0,1.0,0.25,2.0,2.0,0.0,2.0,1.0,120.0,809.0,2.0, [ - ]  [+: 0.0]  [-: 1.79846908943e-13] 
1.0,41.42,5.0,1.0,1.0,2.0,2.0,5.0,1.0,1.0,6.0,2.0,1.0,470.0,0.0,1.0, [ + ]  [+: 6.39701911952e-16]  [-: 0.0] 
2.0,57.08,0.335,1.0,1.0,10.0,3.0,1.0,1.0,2.0,0.0,2.0,1.0,252.0,2197.0,2.0, [ - ]  [+: 0.0]  [-: 6.68375787283e-17] 
2.0,21.5,6.0,1.0,1.0,12.0,1.0,2.5,1.0,1.0,3.0,1.0,1.0,80.0,918.0,1.0, [ - ]  [WRONG] [+: 9.1120997853e-16]  [-: 0.0] 
2.0,28.17,0.375,1.0,1.0,2.0,1.0,0.585,1.0,1.0,4.0,1.0,1.0,80.0,0.0,1.0, [ - ]  [WRONG] [+: 1.22412403034e-15]  [-: 0.0] 
1.0,18.67,5.0,1.0,1.0,2.0,1.0,0.375,1.0,1.0,2.0,1.0,1.0,0.0,38.0,2.0, [ - ]  [+: 0.0]  [-: 1.19983642472e-14] 
2.0,16.5,1.25,1.0,1.0,2.0,1.0,0.25,2.0,1.0,1.0,1.0,1.0,108.0,98.0,2.0, [ - ]  [+: 0.0]  [-: 6.03703236732e-14] 
1.0,23.25,4.0,1.0,1.0,7.0,3.0,0.25,1.0,2.0,0.0,2.0,1.0,160.0,0.0,1.0, [ - ]  [WRONG] [+: 2.60263586384e-16]  [-: 0.0] 
2.0,24.83,4.5,1.0,1.0,1.0,1.0,1.0,2.0,2.0,0.0,2.0,1.0,360.0,6.0,2.0, [ - ]  [+: 0.0]  [-: 4.01935432472e-13] 
1.0,32.42,3.0,1.0,1.0,8.0,1.0,0.165,2.0,2.0,0.0,2.0,1.0,120.0,0.0,2.0, [ - ]  [+: 0.0]  [-: 8.1649868177e-13] 
1.0,37.58,0.0,1.0,1.0,7.0,1.0,0.0,2.0,2.0,0.0,1.0,3.0,184.014771049,0.0,1.0, [ - ]  [WRONG] [+: 2.95705305943e-17]  [-: 0.0] 
1.0,23.25,12.625,1.0,1.0,7.0,1.0,0.125,2.0,1.0,2.0,1.0,1.0,0.0,5552.0,2.0, [ + ]  [WRONG] [+: 0.0]  [-: 5.82847038162e-29] 
1.0,33.5,1.75,1.0,1.0,9.0,2.0,4.5,1.0,1.0,4.0,2.0,1.0,253.0,857.0,1.0, [ + ]  [+: 3.95403190403e-15]  [-: 0.0] 
1.0,23.5,2.75,1.0,1.0,13.0,4.0,4.5,2.0,2.0,0.0,1.0,1.0,160.0,25.0,2.0, [ - ]  [+: 0.0]  [-: 4.37340687633e-13] 
1.0,16.25,0.835,1.0,1.0,3.0,1.0,0.085,1.0,2.0,0.0,1.0,2.0,200.0,0.0,2.0, [ - ]  [+: 0.0]  [-: 8.37996386506e-14] 
1.0,38.92,1.75,1.0,1.0,6.0,1.0,0.5,2.0,2.0,0.0,2.0,1.0,300.0,2.0,2.0, [ - ]  [+: 0.0]  [-: 5.27511303402e-13] 
1.0,32.33,2.5,1.0,1.0,7.0,1.0,1.25,2.0,2.0,0.0,2.0,1.0,280.0,0.0,2.0, [ - ]  [+: 0.0]  [-: 6.90581531625e-13] 
1.0,35.25,16.5,2.0,2.0,7.0,1.0,4.0,1.0,2.0,0.0,1.0,1.0,80.0,0.0,2.0, [ - ]  [+: 0.0]  [-: 1.86092379964e-15] 
2.0,28.08,15.0,2.0,2.0,11.0,6.0,0.0,1.0,2.0,0.0,1.0,1.0,0.0,13212.0,1.0, [ + ]  [+: 1.147285871e-17]  [-: 0.0] 
1.0,51.58,15.0,1.0,1.0,7.0,1.0,8.5,1.0,1.0,9.0,1.0,1.0,0.0,0.0,1.0, [ + ]  [+: 2.87541315938e-17]  [-: 0.0] 
1.0,62.75,7.0,1.0,1.0,11.0,6.0,0.0,2.0,2.0,0.0,1.0,1.0,0.0,12.0,2.0, [ - ]  [+: 0.0]  [-: 9.7157174558e-16] 
1.0,22.67,0.165,1.0,1.0,7.0,5.0,2.25,2.0,2.0,0.0,2.0,2.0,0.0,0.0,1.0, [ - ]  [WRONG] [+: 6.415321884e-18]  [-: 0.0] 
1.0,28.17,0.125,2.0,2.0,6.0,1.0,0.085,2.0,2.0,0.0,1.0,1.0,216.0,2100.0,2.0, [ - ]  [+: 0.0]  [-: 2.02561182719e-14] 
1.0,24.5,13.335,2.0,2.0,12.0,1.0,0.04,2.0,2.0,0.0,2.0,1.0,120.0,475.0,2.0, [ - ]  [+: 0.0]  [-: 1.18524586127e-13] 
1.0,23.42,0.585,1.0,1.0,7.0,2.0,0.085,1.0,2.0,0.0,1.0,1.0,180.0,0.0,2.0, [ - ]  [+: 0.0]  [-: 7.01911386574e-14] 
2.0,28.67,1.04,1.0,1.0,7.0,1.0,2.5,1.0,1.0,5.0,2.0,1.0,300.0,1430.0,1.0, [ + ]  [+: 1.03524644326e-15]  [-: 0.0] 
1.0,27.83,4.0,2.0,2.0,10.0,2.0,5.75,1.0,1.0,2.0,2.0,1.0,75.0,0.0,2.0, [ - ]  [+: 0.0]  [-: 8.40330084655e-15] 
1.0,26.33,13.0,1.0,1.0,11.0,8.0,0.0,2.0,2.0,0.0,2.0,1.0,140.0,1110.0,2.0, [ - ]  [+: 0.0]  [-: 2.27071151713e-14] 
1.0,48.75,26.335,2.0,2.0,13.0,4.0,0.0,1.0,2.0,0.0,2.0,1.0,0.0,0.0,2.0, [ - ]  [+: 0.0]  [-: 1.44811667023e-19] 
2.0,31.75,3.0,2.0,2.0,14.0,5.0,0.0,2.0,2.0,0.0,1.0,1.0,160.0,20.0,2.0, [ - ]  [+: 0.0]  [-: 1.66326328636e-12] 
1.0,35.75,2.415,1.0,1.0,1.0,1.0,0.125,2.0,1.0,2.0,1.0,1.0,220.0,1.0,2.0, [ - ]  [+: 0.0]  [-: 1.52301310378e-13] 
1.0,19.33,9.5,1.0,1.0,2.0,1.0,1.0,1.0,2.0,0.0,2.0,1.0,60.0,400.0,1.0, [ - ]  [WRONG] [+: 2.17439883221e-16]  [-: 0.0] 
2.0,24.5,1.04,2.0,2.0,13.0,4.0,0.5,1.0,1.0,3.0,1.0,1.0,180.0,147.0,2.0, [ - ]  [+: 0.0]  [-: 1.20637592288e-13] 
1.0,39.5,1.625,1.0,1.0,7.0,1.0,1.5,2.0,2.0,0.0,1.0,1.0,0.0,316.0,2.0, [ - ]  [+: 0.0]  [-: 2.79203267819e-13] 
2.0,23.58,0.83,1.0,1.0,2.0,1.0,0.415,2.0,1.0,1.0,2.0,1.0,200.0,11.0,2.0, [ - ]  [+: 0.0]  [-: 1.155915613e-13] 
2.0,52.83,15.0,1.0,1.0,7.0,1.0,5.5,1.0,1.0,14.0,1.0,1.0,0.0,2200.0,1.0, [ + ]  [+: 1.50889566553e-17]  [-: 0.0] 
1.0,40.92,0.835,1.0,1.0,13.0,4.0,0.0,1.0,2.0,0.0,1.0,1.0,130.0,1.0,2.0, [ - ]  [+: 0.0]  [-: 1.63290058097e-13] 
2.0,21.75,11.75,1.0,1.0,7.0,1.0,0.25,2.0,2.0,0.0,2.0,1.0,180.0,0.0,2.0, [ - ]  [+: 0.0]  [-: 1.00565887313e-13] 
1.0,32.42,2.165,2.0,2.0,6.0,4.0,0.0,2.0,2.0,0.0,1.0,1.0,120.0,0.0,2.0, [ - ]  [+: 0.0]  [-: 2.2215718202e-12] 
2.0,64.08,0.165,1.0,1.0,13.0,4.0,0.0,1.0,1.0,1.0,1.0,1.0,232.0,100.0,1.0, [ - ]  [WRONG] [+: 4.40026567199e-18]  [-: 0.0] 
1.0,25.25,1.0,1.0,1.0,12.0,1.0,0.5,2.0,2.0,0.0,1.0,1.0,200.0,0.0,2.0, [ - ]  [+: 0.0]  [-: 6.71587640201e-13] 
1.0,28.92,0.375,1.0,1.0,7.0,1.0,0.29,2.0,2.0,0.0,1.0,1.0,220.0,140.0,2.0, [ - ]  [+: 0.0]  [-: 5.66419836946e-13] 
2.0,22.58,10.75,1.0,1.0,2.0,1.0,0.415,1.0,1.0,5.0,2.0,1.0,0.0,560.0,1.0, [ + ]  [+: 6.71580777053e-16]  [-: 0.0] 
1.0,31.5681710914,3.0,2.0,2.0,10.0,3.0,7.0,2.0,2.0,0.0,1.0,1.0,0.0,1.0,2.0, [ - ]  [+: 0.0]  [-: 2.8506829209e-14] 
1.0,23.5,3.165,2.0,2.0,6.0,1.0,0.415,2.0,1.0,1.0,2.0,1.0,280.0,80.0,2.0, [ - ]  [+: 0.0]  [-: 6.05706978357e-13] 
1.0,23.08,11.5,1.0,1.0,10.0,1.0,3.5,1.0,1.0,9.0,1.0,1.0,56.0,742.0,1.0, [ + ]  [+: 2.22294957595e-16]  [-: 0.0] 
2.0,23.42,0.79,2.0,2.0,2.0,1.0,1.5,1.0,1.0,2.0,2.0,1.0,80.0,400.0,1.0, [ - ]  [WRONG] [+: 3.66463551975e-16]  [-: 0.0] 
2.0,22.67,0.75,1.0,1.0,7.0,1.0,2.0,2.0,1.0,2.0,2.0,1.0,200.0,394.0,2.0, [ - ]  [+: 0.0]  [-: 1.38933553825e-13] 
1.0,49.17,2.29,1.0,1.0,13.0,4.0,0.29,2.0,2.0,0.0,1.0,1.0,200.0,3.0,2.0, [ - ]  [+: 0.0]  [-: 2.94797293607e-13] 
1.0,37.5,0.835,1.0,1.0,11.0,1.0,0.04,2.0,2.0,0.0,1.0,1.0,120.0,5.0,2.0, [ - ]  [+: 0.0]  [-: 3.16730896109e-13] 
2.0,30.67,12.0,1.0,1.0,7.0,1.0,2.0,1.0,1.0,1.0,1.0,1.0,220.0,19.0,1.0, [ - ]  [WRONG] [+: 7.51573957258e-16]  [-: 0.0] 
1.0,18.83,0.0,1.0,1.0,2.0,1.0,0.665,2.0,2.0,0.0,1.0,1.0,160.0,1.0,2.0, [ - ]  [+: 0.0]  [-: 1.94458853376e-13] 
2.0,32.0,6.0,1.0,1.0,8.0,1.0,1.25,2.0,2.0,0.0,1.0,1.0,272.0,0.0,2.0, [ - ]  [+: 0.0]  [-: 8.47402680033e-13] 
1.0,57.42,8.5,1.0,1.0,11.0,2.0,7.0,1.0,1.0,3.0,1.0,1.0,0.0,0.0,1.0, [ + ]  [+: 2.09805978469e-16]  [-: 0.0] 
2.0,69.5,6.0,1.0,1.0,13.0,4.0,0.0,2.0,2.0,0.0,1.0,2.0,0.0,0.0,2.0, [ - ]  [+: 0.0]  [-: 8.81190701017e-16] 
1.0,21.58,0.79,2.0,2.0,5.0,1.0,0.665,2.0,2.0,0.0,1.0,1.0,160.0,0.0,2.0, [ - ]  [+: 0.0]  [-: 4.87621832019e-13] 
1.0,19.42,6.5,1.0,1.0,1.0,2.0,1.46,1.0,1.0,7.0,1.0,1.0,80.0,2954.0,1.0, [ + ]  [+: 1.39628639505e-15]  [-: 0.0] 
1.0,21.0,4.79,2.0,2.0,1.0,1.0,2.25,1.0,1.0,1.0,2.0,1.0,80.0,300.0,1.0, [ - ]  [WRONG] [+: 3.4085887262e-16]  [-: 0.0] 
1.0,30.17,6.5,1.0,1.0,5.0,1.0,3.125,1.0,1.0,8.0,1.0,1.0,330.0,1200.0,1.0, [ + ]  [+: 1.56485158273e-15]  [-: 0.0] 
2.0,23.58,11.5,2.0,2.0,6.0,2.0,3.0,2.0,2.0,0.0,2.0,1.0,20.0,16.0,2.0, [ - ]  [+: 0.0]  [-: 1.03675637809e-13] 
2.0,40.83,10.0,1.0,1.0,2.0,2.0,1.75,1.0,2.0,0.0,1.0,1.0,29.0,837.0,1.0, [ - ]  [WRONG] [+: 4.70363775909e-16]  [-: 0.0] 
1.0,18.5,2.0,1.0,1.0,10.0,1.0,1.5,1.0,1.0,2.0,1.0,1.0,120.0,300.0,1.0, [ - ]  [WRONG] [+: 3.16446230928e-16]  [-: 0.0] 
1.0,17.92,0.205,1.0,1.0,12.0,1.0,0.04,2.0,2.0,0.0,1.0,1.0,280.0,750.0,2.0, [ - ]  [+: 0.0]  [-: 2.07047540503e-13] 
1.0,26.75,2.0,1.0,1.0,8.0,1.0,0.75,2.0,2.0,0.0,2.0,1.0,80.0,0.0,2.0, [ - ]  [+: 0.0]  [-: 7.46448262146e-13] 
2.0,21.75,1.75,2.0,2.0,14.0,5.0,0.0,2.0,2.0,0.0,1.0,1.0,160.0,0.0,2.0, [ - ]  [+: 0.0]  [-: 1.14167146666e-12] 
2.0,33.67,0.375,1.0,1.0,5.0,1.0,0.375,2.0,2.0,0.0,1.0,1.0,300.0,44.0,1.0, [ - ]  [WRONG] [+: 2.90654310874e-17]  [-: 0.0] 
2.0,30.42,1.375,1.0,1.0,1.0,2.0,0.04,2.0,1.0,3.0,1.0,1.0,0.0,33.0,2.0, [ - ]  [+: 0.0]  [-: 3.35540953625e-14] 
1.0,65.42,11.0,1.0,1.0,11.0,6.0,20.0,1.0,1.0,7.0,2.0,1.0,22.0,0.0,1.0, [ + ]  [+: 1.71897305014e-20]  [-: 0.0] 
1.0,16.08,0.75,1.0,1.0,7.0,1.0,1.75,1.0,1.0,5.0,2.0,1.0,352.0,690.0,1.0, [ - ]  [WRONG] [+: 2.71768164138e-16]  [-: 0.0] 
2.0,31.92,3.125,1.0,1.0,13.0,4.0,3.04,2.0,1.0,2.0,2.0,1.0,200.0,4.0,2.0, [ - ]  [+: 0.0]  [-: 3.56793641843e-13] 
2.0,39.08,4.0,1.0,1.0,7.0,1.0,3.0,2.0,2.0,0.0,1.0,1.0,480.0,0.0,2.0, [ - ]  [+: 0.0]  [-: 1.27137797488e-13] 
1.0,28.75,1.165,1.0,1.0,6.0,1.0,0.5,1.0,2.0,0.0,1.0,2.0,280.0,0.0,2.0, [ - ]  [+: 0.0]  [-: 2.54001294209e-13] 
2.0,21.67,11.5,2.0,2.0,14.0,5.0,0.0,1.0,1.0,11.0,2.0,1.0,0.0,0.0,1.0, [ + ]  [+: 3.4312912716e-17]  [-: 0.0] 
1.0,18.17,2.46,1.0,1.0,7.0,9.0,0.96,2.0,1.0,2.0,2.0,1.0,160.0,587.0,2.0, [ - ]  [+: 0.0]  [-: 1.29125639016e-13] 
1.0,43.25,3.0,1.0,1.0,2.0,2.0,6.0,1.0,1.0,11.0,1.0,1.0,80.0,0.0,1.0, [ + ]  [+: 9.54828175653e-16]  [-: 0.0] 
1.0,42.83,4.625,1.0,1.0,2.0,1.0,4.58,1.0,2.0,0.0,1.0,2.0,0.0,0.0,1.0, [ - ]  [WRONG] [+: 1.84612061992e-16]  [-: 0.0] 
1.0,37.33,2.665,1.0,1.0,5.0,1.0,0.165,2.0,2.0,0.0,2.0,1.0,0.0,501.0,2.0, [ - ]  [+: 0.0]  [-: 1.49005746485e-13] 
1.0,26.25,1.54,1.0,1.0,1.0,1.0,0.125,2.0,2.0,0.0,1.0,1.0,100.0,0.0,2.0, [ - ]  [+: 0.0]  [-: 4.33334641715e-13] 
1.0,20.25,9.96,1.0,1.0,11.0,8.0,0.0,1.0,2.0,0.0,1.0,1.0,0.0,0.0,1.0, [ - ]  [WRONG] [+: 1.04591544939e-16]  [-: 0.0] 
1.0,52.42,1.5,1.0,1.0,8.0,1.0,3.75,2.0,2.0,0.0,2.0,1.0,0.0,350.0,2.0, [ - ]  [+: 0.0]  [-: 2.60931253524e-14] 
1.0,37.42,2.04,1.0,1.0,1.0,1.0,0.04,1.0,2.0,0.0,2.0,1.0,400.0,5800.0,1.0, [ + ]  [+: 1.17998570638e-16]  [-: 0.0] 
1.0,40.58,1.5,1.0,1.0,10.0,3.0,0.0,2.0,2.0,0.0,1.0,2.0,300.0,0.0,2.0, [ - ]  [+: 0.0]  [-: 5.87602575758e-13] 
1.0,27.58,2.04,2.0,2.0,12.0,1.0,2.0,1.0,1.0,3.0,2.0,1.0,370.0,560.0,1.0, [ - ]  [WRONG] [+: 1.69807530487e-16]  [-: 0.0] 
1.0,39.33,5.875,1.0,1.0,5.0,2.0,10.0,1.0,1.0,14.0,2.0,1.0,399.0,0.0,1.0, [ + ]  [+: 9.1183558089e-17]  [-: 0.0] 
1.0,21.33,7.5,1.0,1.0,12.0,1.0,1.415,1.0,1.0,1.0,1.0,1.0,80.0,9800.0,1.0, [ + ]  [+: 3.84809926995e-16]  [-: 0.0] 
1.0,24.5,12.75,1.0,1.0,7.0,3.0,4.75,1.0,1.0,2.0,1.0,1.0,73.0,444.0,1.0, [ - ]  [WRONG] [+: 4.64240737734e-16]  [-: 0.0] 
2.0,36.58,0.29,1.0,1.0,13.0,4.0,0.0,2.0,1.0,10.0,1.0,1.0,200.0,18.0,2.0, [ + ]  [WRONG] [+: 0.0]  [-: 4.32106448414e-18] 
1.0,48.75,8.5,1.0,1.0,7.0,2.0,12.5,1.0,1.0,9.0,1.0,1.0,181.0,1655.0,1.0, [ + ]  [+: 7.3668365062e-17]  [-: 0.0] 
2.0,33.92,1.585,2.0,2.0,13.0,4.0,0.0,1.0,2.0,0.0,1.0,1.0,320.0,0.0,2.0, [ - ]  [+: 0.0]  [-: 4.98995505967e-13] 
1.0,27.25,1.585,1.0,1.0,5.0,2.0,1.835,1.0,1.0,12.0,2.0,1.0,583.0,713.0,1.0, [ + ]  [+: 5.1687175081e-17]  [-: 0.0] 
2.0,50.25,0.835,1.0,1.0,12.0,1.0,0.5,2.0,2.0,0.0,2.0,1.0,240.0,117.0,2.0, [ - ]  [+: 0.0]  [-: 1.03318373978e-13] 
1.0,42.0,9.79,1.0,1.0,9.0,2.0,7.96,1.0,1.0,8.0,1.0,1.0,0.0,0.0,1.0, [ + ]  [+: 8.61737521786e-16]  [-: 0.0] 
1.0,18.58,10.29,1.0,1.0,13.0,4.0,0.415,2.0,2.0,0.0,1.0,1.0,80.0,0.0,2.0, [ - ]  [+: 0.0]  [-: 2.72410795714e-13] 
1.0,27.67,2.0,1.0,1.0,9.0,2.0,1.0,1.0,1.0,4.0,1.0,1.0,140.0,7544.0,1.0, [ + ]  [+: 2.80876477302e-15]  [-: 0.0] 
2.0,15.75,0.375,1.0,1.0,7.0,1.0,1.0,2.0,2.0,0.0,1.0,1.0,120.0,18.0,2.0, [ - ]  [+: 0.0]  [-: 2.19749610963e-13] 
1.0,29.92,1.835,1.0,1.0,7.0,2.0,4.335,1.0,2.0,0.0,1.0,1.0,260.0,200.0,1.0, [ - ]  [WRONG] [+: 4.62564943013e-16]  [-: 0.0] 
1.0,43.0,0.29,2.0,2.0,5.0,2.0,1.75,1.0,1.0,8.0,1.0,1.0,100.0,375.0,1.0, [ + ]  [+: 4.87889351182e-16]  [-: 0.0] 
2.0,25.0,11.0,2.0,2.0,12.0,1.0,4.5,1.0,2.0,0.0,1.0,1.0,120.0,0.0,2.0, [ - ]  [+: 0.0]  [-: 2.94458378047e-14] 
1.0,58.58,2.71,1.0,1.0,7.0,1.0,2.415,2.0,2.0,0.0,2.0,1.0,320.0,0.0,2.0, [ - ]  [+: 0.0]  [-: 1.35203243258e-14] 
1.0,19.5,0.29,1.0,1.0,6.0,1.0,0.29,2.0,2.0,0.0,1.0,1.0,280.0,364.0,2.0, [ - ]  [+: 0.0]  [-: 4.02736171523e-13] 
1.0,26.75,4.5,2.0,2.0,7.0,3.0,2.5,2.0,2.0,0.0,1.0,1.0,200.0,1210.0,2.0, [ - ]  [+: 0.0]  [-: 4.31487423815e-13] 
1.0,62.5,12.75,2.0,2.0,7.0,2.0,5.0,1.0,2.0,0.0,1.0,1.0,112.0,0.0,2.0, [ - ]  [+: 0.0]  [-: 4.87653398334e-17] 
1.0,67.75,5.5,1.0,1.0,11.0,6.0,13.0,1.0,1.0,1.0,2.0,1.0,0.0,0.0,1.0, [ + ]  [+: 3.39216625724e-18]  [-: 0.0] 
2.0,36.75,5.125,1.0,1.0,11.0,1.0,5.0,1.0,2.0,0.0,2.0,1.0,0.0,4000.0,1.0, [ + ]  [+: 3.58123847095e-16]  [-: 0.0] 
1.0,29.83,2.04,2.0,2.0,9.0,2.0,0.04,2.0,2.0,0.0,1.0,1.0,128.0,1.0,2.0, [ - ]  [+: 0.0]  [-: 2.16415261959e-13] 
1.0,28.75,1.5,2.0,2.0,7.0,1.0,1.5,1.0,2.0,0.0,2.0,1.0,0.0,225.0,2.0, [ - ]  [+: 0.0]  [-: 2.08911139361e-13] 
1.0,17.5,22.0,3.0,3.0,13.0,7.0,0.0,2.0,2.0,0.0,2.0,3.0,450.0,100000.0,1.0, [ + ]  [+: 4.75896526444e-53]  [-: 0.0] 
1.0,18.17,10.25,1.0,1.0,7.0,2.0,1.085,2.0,2.0,0.0,1.0,1.0,320.0,13.0,2.0, [ - ]  [+: 0.0]  [-: 8.13827733118e-14] 
2.0,20.42,10.5,2.0,2.0,9.0,2.0,0.0,2.0,2.0,0.0,2.0,1.0,154.0,32.0,2.0, [ - ]  [+: 0.0]  [-: 4.84875871876e-14] 
2.0,35.75,0.915,1.0,1.0,12.0,1.0,0.75,1.0,1.0,4.0,1.0,1.0,0.0,1583.0,1.0, [ - ]  [WRONG] [+: 5.66007060439e-16]  [-: 0.0] 
1.0,48.25,25.085,1.0,1.0,1.0,1.0,1.75,1.0,1.0,3.0,1.0,1.0,120.0,14.0,1.0, [ + ]  [+: 1.37499597082e-18]  [-: 0.0] 
1.0,15.17,7.0,1.0,1.0,11.0,1.0,1.0,2.0,2.0,0.0,1.0,1.0,600.0,0.0,2.0, [ - ]  [+: 0.0]  [-: 2.18095263018e-14] 
2.0,23.58,0.585,2.0,2.0,13.0,4.0,0.125,2.0,2.0,0.0,1.0,1.0,120.0,87.0,2.0, [ - ]  [+: 0.0]  [-: 1.87831372014e-12] 
1.0,22.17,12.125,1.0,1.0,7.0,1.0,3.335,2.0,1.0,2.0,2.0,1.0,180.0,173.0,2.0, [ - ]  [+: 0.0]  [-: 2.02877881479e-14] 
2.0,30.0,5.29,1.0,1.0,11.0,8.0,2.25,1.0,1.0,5.0,2.0,1.0,99.0,500.0,1.0, [ - ]  [WRONG] [+: 2.22614361185e-15]  [-: 0.0] 
2.0,47.75,8.0,1.0,1.0,7.0,1.0,7.875,1.0,1.0,6.0,2.0,1.0,0.0,1260.0,1.0, [ + ]  [+: 3.36400738338e-16]  [-: 0.0] 
2.0,18.58,10.0,1.0,1.0,8.0,1.0,0.415,2.0,2.0,0.0,1.0,1.0,80.0,42.0,2.0, [ - ]  [+: 0.0]  [-: 1.71076883526e-13] 
2.0,28.75,3.75,1.0,1.0,7.0,1.0,1.085,1.0,1.0,1.0,2.0,1.0,371.0,0.0,1.0, [ - ]  [WRONG] [+: 6.43275663709e-16]  [-: 0.0] 
1.0,31.33,19.5,1.0,1.0,7.0,1.0,7.0,1.0,1.0,16.0,1.0,1.0,0.0,5000.0,1.0, [ + ]  [+: 2.47217788046e-18]  [-: 0.0] 
2.0,25.58,0.0,1.0,1.0,7.0,1.0,0.0,2.0,2.0,0.0,1.0,3.0,184.014771049,0.0,1.0, [ - ]  [WRONG] [+: 2.74724642017e-17]  [-: 0.0] 
1.0,20.08,0.125,1.0,1.0,2.0,1.0,1.0,2.0,1.0,1.0,1.0,1.0,240.0,768.0,1.0, [ - ]  [WRONG] [+: 6.42701241183e-17]  [-: 0.0] 
1.0,39.42,1.71,2.0,2.0,3.0,1.0,0.165,2.0,2.0,0.0,1.0,2.0,400.0,0.0,2.0, [ - ]  [+: 0.0]  [-: 6.80984171741e-13] 
2.0,19.67,0.21,1.0,1.0,2.0,2.0,0.29,1.0,1.0,11.0,1.0,1.0,80.0,99.0,1.0, [ + ]  [+: 4.82515208926e-16]  [-: 0.0] 
1.0,33.17,2.25,2.0,2.0,5.0,1.0,3.5,2.0,2.0,0.0,2.0,1.0,200.0,141.0,2.0, [ - ]  [+: 0.0]  [-: 4.44298271639e-13] 
1.0,53.92,9.625,1.0,1.0,11.0,1.0,8.665,1.0,1.0,5.0,1.0,1.0,0.0,0.0,1.0, [ + ]  [+: 1.30093663576e-16]  [-: 0.0] 
1.0,28.58,3.625,1.0,1.0,12.0,1.0,0.25,2.0,2.0,0.0,2.0,1.0,100.0,0.0,2.0, [ - ]  [+: 0.0]  [-: 7.28759986953e-13] 
1.0,22.67,10.5,1.0,1.0,2.0,2.0,1.335,1.0,2.0,0.0,1.0,1.0,100.0,0.0,1.0, [ - ]  [WRONG] [+: 4.126583106e-16]  [-: 0.0] 
1.0,38.58,3.335,1.0,1.0,1.0,1.0,4.0,1.0,1.0,14.0,1.0,1.0,383.0,1344.0,1.0, [ + ]  [+: 1.7708220874e-16]  [-: 0.0] 
1.0,31.25,1.125,1.0,1.0,13.0,4.0,0.0,2.0,1.0,1.0,1.0,1.0,96.0,19.0,2.0, [ - ]  [+: 0.0]  [-: 4.29360855189e-13] 
2.0,46.08,3.0,1.0,1.0,7.0,1.0,2.375,1.0,1.0,8.0,2.0,1.0,396.0,4159.0,1.0, [ + ]  [+: 3.57710584434e-16]  [-: 0.0] 
1.0,32.0,1.75,2.0,2.0,11.0,2.0,0.04,1.0,2.0,0.0,2.0,1.0,393.0,0.0,1.0, [ - ]  [WRONG] [+: 6.81729507515e-17]  [-: 0.0] 
1.0,19.0,1.75,2.0,2.0,7.0,1.0,2.335,2.0,2.0,0.0,2.0,1.0,112.0,6.0,2.0, [ - ]  [+: 0.0]  [-: 6.88709973227e-13] 
1.0,33.58,0.25,1.0,1.0,10.0,3.0,4.0,2.0,2.0,0.0,2.0,2.0,420.0,0.0,2.0, [ - ]  [+: 0.0]  [-: 2.1379878085e-13] 
1.0,27.83,1.0,2.0,2.0,8.0,2.0,3.0,2.0,2.0,0.0,1.0,1.0,176.0,537.0,2.0, [ - ]  [+: 0.0]  [-: 7.0590337148e-13] 
1.0,34.83,4.0,1.0,1.0,8.0,3.0,12.5,1.0,2.0,0.0,2.0,1.0,184.014771049,0.0,2.0, [ + ]  [WRONG] [+: 0.0]  [-: 1.05676114025e-19] 
1.0,25.5,0.375,1.0,1.0,3.0,1.0,0.25,1.0,1.0,3.0,1.0,1.0,260.0,15108.0,1.0, [ + ]  [+: 1.63626110222e-16]  [-: 0.0] 
1.0,33.17,3.04,2.0,2.0,7.0,2.0,2.04,1.0,1.0,1.0,2.0,1.0,180.0,18027.0,1.0, [ + ]  [+: 9.19432794714e-17]  [-: 0.0] 
2.0,22.25,1.25,2.0,2.0,13.0,4.0,3.25,2.0,2.0,0.0,1.0,1.0,280.0,0.0,2.0, [ - ]  [+: 0.0]  [-: 1.34589785668e-12] 
1.0,29.58,4.75,1.0,1.0,3.0,1.0,2.0,2.0,1.0,1.0,2.0,1.0,460.0,68.0,2.0, [ - ]  [+: 0.0]  [-: 1.17810635651e-13] 
1.0,33.17,1.0,1.0,1.0,9.0,1.0,0.75,1.0,1.0,7.0,2.0,1.0,340.0,4071.0,1.0, [ + ]  [+: 1.16400113364e-15]  [-: 0.0] 
1.0,42.0,0.205,1.0,1.0,10.0,2.0,5.125,1.0,2.0,0.0,1.0,1.0,400.0,0.0,1.0, [ - ]  [WRONG] [+: 6.11208455546e-17]  [-: 0.0] 
1.0,19.17,4.0,2.0,2.0,10.0,1.0,1.0,2.0,2.0,0.0,2.0,1.0,360.0,1000.0,2.0, [ - ]  [+: 0.0]  [-: 4.79771738382e-13] 
1.0,21.17,0.25,2.0,2.0,7.0,2.0,0.25,2.0,2.0,0.0,1.0,1.0,280.0,204.0,2.0, [ - ]  [+: 0.0]  [-: 4.69254097365e-13] 
2.0,35.17,3.75,1.0,1.0,13.0,4.0,0.0,2.0,1.0,6.0,1.0,1.0,0.0,200.0,2.0, [ - ]  [+: 0.0]  [-: 7.59221044556e-15] 
1.0,22.58,1.5,2.0,2.0,12.0,1.0,0.54,2.0,2.0,0.0,2.0,1.0,120.0,67.0,2.0, [ - ]  [+: 0.0]  [-: 1.171108465e-12] 
2.0,20.67,3.0,1.0,1.0,2.0,1.0,0.165,1.0,1.0,3.0,1.0,1.0,100.0,6.0,1.0, [ - ]  [WRONG] [+: 1.10395348785e-15]  [-: 0.0] 
1.0,32.75,2.335,1.0,1.0,8.0,2.0,5.75,2.0,2.0,0.0,2.0,1.0,292.0,0.0,2.0, [ - ]  [+: 0.0]  [-: 5.15856703393e-14] 
1.0,19.42,1.5,2.0,2.0,5.0,1.0,2.0,1.0,2.0,0.0,2.0,1.0,100.0,20.0,2.0, [ - ]  [+: 0.0]  [-: 9.44952831286e-14] 
1.0,27.58,3.25,2.0,2.0,2.0,2.0,5.085,2.0,1.0,2.0,2.0,1.0,369.0,1.0,2.0, [ - ]  [+: 0.0]  [-: 2.40062066358e-14] 
1.0,25.67,0.29,2.0,2.0,7.0,1.0,1.5,2.0,2.0,0.0,2.0,1.0,160.0,0.0,2.0, [ - ]  [+: 0.0]  [-: 1.06790069193e-12] 
2.0,22.42,11.25,2.0,2.0,9.0,2.0,0.75,1.0,1.0,4.0,1.0,1.0,0.0,321.0,1.0, [ - ]  [WRONG] [+: 3.89950749471e-16]  [-: 0.0] 
1.0,32.08,4.0,1.0,1.0,3.0,1.0,2.5,1.0,2.0,0.0,2.0,1.0,360.0,0.0,1.0, [ - ]  [WRONG] [+: 2.39692553896e-16]  [-: 0.0] 
1.0,22.25,0.46,1.0,1.0,6.0,1.0,0.125,2.0,2.0,0.0,2.0,1.0,280.0,55.0,2.0, [ - ]  [+: 0.0]  [-: 4.88983562669e-13] 
1.0,23.08,0.0,1.0,1.0,6.0,1.0,1.0,2.0,1.0,11.0,1.0,2.0,0.0,0.0,2.0, [ + ]  [WRONG] [+: 0.0]  [-: 1.77652717108e-19] 
1.0,38.25,10.125,2.0,2.0,6.0,1.0,0.125,2.0,2.0,0.0,1.0,1.0,160.0,0.0,2.0, [ - ]  [+: 0.0]  [-: 4.84867526834e-13] 
2.0,20.33,10.0,1.0,1.0,7.0,2.0,1.0,1.0,1.0,4.0,1.0,1.0,50.0,1465.0,1.0, [ + ]  [+: 9.14607287696e-16]  [-: 0.0] 
1.0,16.33,4.085,1.0,1.0,10.0,2.0,0.415,2.0,2.0,0.0,2.0,1.0,120.0,0.0,2.0, [ - ]  [+: 0.0]  [-: 2.67955052749e-13] 
1.0,19.67,10.0,2.0,2.0,6.0,2.0,0.835,1.0,2.0,0.0,2.0,1.0,140.0,0.0,2.0, [ - ]  [+: 0.0]  [-: 7.35573027814e-14] 
1.0,19.67,0.375,1.0,1.0,2.0,1.0,2.0,1.0,1.0,2.0,2.0,1.0,80.0,0.0,1.0, [ - ]  [WRONG] [+: 7.76269300475e-16]  [-: 0.0] 
1.0,30.17,0.5,1.0,1.0,7.0,1.0,1.75,1.0,1.0,11.0,1.0,1.0,32.0,540.0,1.0, [ + ]  [+: 3.78807428894e-16]  [-: 0.0] 
2.0,33.25,2.5,2.0,2.0,7.0,1.0,2.5,2.0,2.0,0.0,2.0,1.0,0.0,2.0,2.0, [ - ]  [+: 0.0]  [-: 6.76176901327e-13] 
1.0,22.83,3.0,1.0,1.0,3.0,1.0,1.29,1.0,1.0,1.0,1.0,1.0,260.0,800.0,1.0, [ - ]  [WRONG] [+: 7.76962110792e-16]  [-: 0.0] 
2.0,27.67,1.5,1.0,1.0,3.0,1.0,2.0,1.0,2.0,0.0,1.0,2.0,368.0,0.0,2.0, [ - ]  [+: 0.0]  [-: 1.42611202265e-13] 
2.0,24.75,12.5,1.0,1.0,12.0,1.0,1.5,1.0,1.0,12.0,2.0,1.0,120.0,567.0,1.0, [ + ]  [+: 1.93771391977e-16]  [-: 0.0] 
1.0,24.75,0.54,1.0,1.0,3.0,1.0,1.0,2.0,2.0,0.0,2.0,1.0,120.0,1.0,2.0, [ - ]  [+: 0.0]  [-: 4.98080243676e-13] 
2.0,47.25,0.75,1.0,1.0,2.0,2.0,2.75,1.0,1.0,1.0,1.0,1.0,333.0,892.0,1.0, [ - ]  [WRONG] [+: 8.69654447845e-16]  [-: 0.0] 
2.0,19.58,0.665,2.0,2.0,7.0,1.0,1.0,2.0,1.0,1.0,1.0,1.0,2000.0,2.0,2.0, [ - ]  [+: 0.0]  [-: 7.51788016849e-33] 
1.0,21.42,0.75,2.0,2.0,4.0,9.0,0.75,2.0,2.0,0.0,2.0,1.0,132.0,2.0,2.0, [ - ]  [+: 0.0]  [-: 8.83482488521e-13] 
1.0,27.75,0.585,2.0,2.0,5.0,1.0,0.25,1.0,1.0,2.0,1.0,1.0,260.0,500.0,1.0, [ - ]  [WRONG] [+: 3.55145173001e-16]  [-: 0.0] 
1.0,51.33,10.0,1.0,1.0,10.0,3.0,0.0,1.0,1.0,11.0,1.0,1.0,0.0,1249.0,1.0, [ + ]  [+: 5.42333227066e-17]  [-: 0.0] 
1.0,31.5681710914,0.375,1.0,1.0,8.0,1.0,0.875,1.0,2.0,0.0,2.0,2.0,928.0,0.0,2.0, [ - ]  [+: 0.0]  [-: 1.56970691086e-16] 
2.0,23.0,1.835,1.0,1.0,14.0,5.0,0.0,2.0,1.0,1.0,1.0,1.0,200.0,53.0,2.0, [ - ]  [+: 0.0]  [-: 2.49401208189e-13] 
1.0,22.0,0.79,1.0,1.0,1.0,1.0,0.29,2.0,1.0,1.0,1.0,1.0,420.0,283.0,2.0, [ - ]  [+: 0.0]  [-: 7.76196940086e-14] 
1.0,24.08,9.0,1.0,1.0,12.0,1.0,0.25,2.0,2.0,0.0,2.0,1.0,0.0,0.0,2.0, [ - ]  [+: 0.0]  [-: 2.08586281872e-13] 
1.0,23.33,1.5,1.0,1.0,7.0,2.0,1.415,1.0,2.0,0.0,1.0,1.0,422.0,200.0,1.0, [ - ]  [WRONG] [+: 1.12268494152e-16]  [-: 0.0] 
1.0,17.08,0.085,2.0,2.0,7.0,1.0,0.04,2.0,2.0,0.0,1.0,1.0,140.0,722.0,2.0, [ - ]  [+: 0.0]  [-: 3.49169277393e-13] 
2.0,18.08,0.375,3.0,3.0,5.0,4.0,10.0,2.0,2.0,0.0,2.0,2.0,300.0,0.0,1.0, [ + ]  [+: 4.46159066095e-18]  [-: 0.0] 
1.0,33.58,0.335,2.0,2.0,5.0,1.0,0.085,2.0,2.0,0.0,1.0,1.0,180.0,0.0,2.0, [ - ]  [+: 0.0]  [-: 5.16413321477e-13] 
2.0,17.58,9.0,1.0,1.0,12.0,1.0,1.375,1.0,2.0,0.0,2.0,1.0,0.0,0.0,1.0, [ - ]  [WRONG] [+: 8.63764818812e-17]  [-: 0.0] 
2.0,41.17,6.5,1.0,1.0,2.0,1.0,0.5,1.0,1.0,3.0,2.0,1.0,145.0,0.0,1.0, [ - ]  [WRONG] [+: 2.00483933797e-15]  [-: 0.0] 
2.0,20.08,1.25,1.0,1.0,7.0,1.0,0.0,2.0,2.0,0.0,1.0,1.0,0.0,0.0,2.0, [ - ]  [+: 0.0]  [-: 2.09500986281e-13] 
1.0,23.17,0.0,1.0,1.0,7.0,1.0,0.0,2.0,2.0,0.0,1.0,3.0,184.014771049,0.0,1.0, [ - ]  [WRONG] [+: 2.25351254154e-17]  [-: 0.0] 
2.0,46.67,0.46,1.0,1.0,5.0,2.0,0.415,1.0,1.0,11.0,2.0,1.0,440.0,6.0,1.0, [ + ]  [+: 1.8326999819e-16]  [-: 0.0] 
1.0,42.25,1.75,2.0,2.0,7.0,1.0,0.0,2.0,2.0,0.0,2.0,1.0,150.0,1.0,2.0, [ - ]  [+: 0.0]  [-: 5.98385908323e-13] 
2.0,58.33,10.0,1.0,1.0,2.0,1.0,4.0,1.0,1.0,14.0,1.0,1.0,0.0,1602.0,1.0, [ + ]  [+: 3.95120020371e-17]  [-: 0.0] 
1.0,24.58,1.25,1.0,1.0,7.0,1.0,0.25,2.0,2.0,0.0,1.0,1.0,110.0,0.0,2.0, [ - ]  [+: 0.0]  [-: 4.95489733342e-13] 
2.0,23.0,11.75,1.0,1.0,9.0,2.0,0.5,1.0,1.0,2.0,2.0,1.0,300.0,551.0,1.0, [ + ]  [+: 1.25141563826e-15]  [-: 0.0] 
1.0,41.17,4.04,1.0,1.0,5.0,2.0,7.0,1.0,1.0,8.0,1.0,1.0,320.0,0.0,1.0, [ + ]  [+: 1.35544383276e-15]  [-: 0.0] 
2.0,51.92,6.5,1.0,1.0,10.0,3.0,3.085,2.0,2.0,0.0,2.0,1.0,73.0,0.0,2.0, [ - ]  [+: 0.0]  [-: 5.40637164844e-14] 
2.0,38.75,1.5,1.0,1.0,13.0,4.0,0.0,2.0,2.0,0.0,1.0,1.0,76.0,0.0,2.0, [ - ]  [+: 0.0]  [-: 7.21558634597e-13] 
1.0,26.75,1.125,1.0,1.0,9.0,2.0,1.25,1.0,2.0,0.0,1.0,1.0,0.0,5298.0,1.0, [ + ]  [+: 4.33385696902e-16]  [-: 0.0] 
1.0,28.25,5.04,2.0,2.0,7.0,3.0,1.5,1.0,1.0,8.0,2.0,1.0,144.0,7.0,1.0, [ + ]  [+: 4.2940370571e-16]  [-: 0.0] 
1.0,31.83,0.04,2.0,2.0,3.0,1.0,0.04,2.0,2.0,0.0,1.0,1.0,0.0,0.0,2.0, [ - ]  [+: 0.0]  [-: 5.57396096819e-13] 
2.0,25.33,2.085,1.0,1.0,7.0,2.0,2.75,1.0,2.0,0.0,2.0,1.0,360.0,1.0,2.0, [ - ]  [+: 0.0]  [-: 5.47165960412e-14] 
1.0,47.67,2.5,1.0,1.0,3.0,3.0,2.5,1.0,1.0,12.0,2.0,1.0,410.0,2510.0,1.0, [ + ]  [+: 1.14975188698e-16]  [-: 0.0] 
2.0,60.92,5.0,1.0,1.0,12.0,1.0,4.0,1.0,1.0,4.0,1.0,1.0,0.0,99.0,1.0, [ + ]  [+: 9.40792006497e-17]  [-: 0.0] 
1.0,42.08,1.04,1.0,1.0,1.0,1.0,5.0,1.0,1.0,6.0,2.0,1.0,500.0,10000.0,1.0, [ + ]  [+: 1.02729872206e-16]  [-: 0.0] 
1.0,18.08,6.75,2.0,2.0,3.0,1.0,0.04,2.0,2.0,0.0,1.0,1.0,140.0,0.0,2.0, [ - ]  [+: 0.0]  [-: 6.09214427014e-13] 
2.0,24.58,0.67,1.0,1.0,12.0,2.0,1.75,1.0,2.0,0.0,1.0,1.0,400.0,0.0,2.0, [ - ]  [+: 0.0]  [-: 5.42514427934e-14] 
1.0,20.5,10.0,2.0,2.0,7.0,1.0,2.5,1.0,2.0,0.0,1.0,2.0,40.0,0.0,1.0, [ - ]  [WRONG] [+: 2.93033046523e-17]  [-: 0.0] 
1.0,22.75,11.0,1.0,1.0,2.0,1.0,2.5,1.0,1.0,7.0,2.0,1.0,100.0,809.0,1.0, [ + ]  [+: 1.06094044961e-15]  [-: 0.0] 
1.0,30.58,2.71,2.0,2.0,3.0,1.0,0.125,2.0,2.0,0.0,2.0,2.0,80.0,0.0,2.0, [ - ]  [+: 0.0]  [-: 1.53510475699e-12] 
2.0,41.0,2.04,2.0,2.0,2.0,2.0,0.125,1.0,1.0,23.0,2.0,1.0,455.0,1236.0,1.0, [ + ]  [+: 4.14827417864e-19]  [-: 0.0] 
1.0,34.17,2.75,1.0,1.0,10.0,3.0,2.5,2.0,2.0,0.0,2.0,1.0,232.0,200.0,2.0, [ - ]  [+: 0.0]  [-: 8.64040758839e-13] 
1.0,42.75,3.0,1.0,1.0,10.0,3.0,1.0,1.0,2.0,0.0,1.0,1.0,0.0,200.0,2.0, [ - ]  [+: 0.0]  [-: 7.9319756709e-14] 
2.0,28.58,3.54,1.0,1.0,10.0,3.0,0.5,1.0,2.0,0.0,2.0,1.0,171.0,0.0,2.0, [ - ]  [+: 0.0]  [-: 2.46639076871e-13] 
2.0,40.33,7.54,2.0,2.0,2.0,2.0,8.0,1.0,1.0,14.0,1.0,1.0,0.0,2300.0,1.0, [ + ]  [+: 8.00308848096e-17]  [-: 0.0] 
1.0,41.58,1.75,1.0,1.0,6.0,1.0,0.21,1.0,2.0,0.0,1.0,1.0,160.0,0.0,2.0, [ - ]  [+: 0.0]  [-: 1.10758216299e-13] 
1.0,34.08,0.08,2.0,2.0,3.0,3.0,0.04,1.0,1.0,1.0,2.0,1.0,280.0,2000.0,1.0, [ - ]  [WRONG] [+: 1.8428858362e-16]  [-: 0.0] 
2.0,60.58,16.5,1.0,1.0,2.0,1.0,11.0,1.0,2.0,0.0,2.0,1.0,21.0,10561.0,1.0, [ + ]  [+: 6.97740718662e-19]  [-: 0.0] 
1.0,18.83,0.415,2.0,2.0,7.0,1.0,0.165,2.0,1.0,1.0,1.0,1.0,200.0,1.0,2.0, [ - ]  [+: 0.0]  [-: 2.50882453453e-13] 
1.0,37.5,1.75,2.0,2.0,7.0,3.0,0.25,1.0,2.0,0.0,2.0,1.0,164.0,400.0,2.0, [ - ]  [+: 0.0]  [-: 2.47153818149e-13] 
2.0,22.5,11.0,2.0,2.0,2.0,1.0,3.0,1.0,2.0,0.0,2.0,1.0,268.0,0.0,2.0, [ - ]  [+: 0.0]  [-: 3.30356193151e-14] 
1.0,56.75,12.25,1.0,1.0,3.0,1.0,1.25,1.0,1.0,4.0,2.0,1.0,200.0,0.0,1.0, [ + ]  [+: 1.49720688929e-16]  [-: 0.0] 
1.0,39.92,6.21,1.0,1.0,2.0,1.0,0.04,1.0,1.0,1.0,1.0,1.0,200.0,300.0,1.0, [ - ]  [WRONG] [+: 1.50490217441e-15]  [-: 0.0] 
1.0,34.0,5.085,2.0,2.0,10.0,3.0,1.085,2.0,2.0,0.0,2.0,1.0,480.0,0.0,2.0, [ - ]  [+: 0.0]  [-: 6.94228779324e-13] 
1.0,20.17,9.25,1.0,1.0,7.0,1.0,1.665,1.0,1.0,3.0,2.0,1.0,40.0,28.0,1.0, [ - ]  [WRONG] [+: 6.28242238901e-16]  [-: 0.0] 
2.0,29.5,0.46,1.0,1.0,6.0,1.0,0.54,1.0,1.0,4.0,1.0,1.0,380.0,500.0,1.0, [ - ]  [WRONG] [+: 2.82326043843e-16]  [-: 0.0] 
2.0,27.33,1.665,1.0,1.0,13.0,4.0,0.0,2.0,2.0,0.0,1.0,1.0,340.0,1.0,2.0, [ - ]  [+: 0.0]  [-: 9.74527383568e-13] 
1.0,34.25,3.0,1.0,1.0,5.0,2.0,7.415,1.0,2.0,0.0,2.0,1.0,0.0,0.0,1.0, [ - ]  [WRONG] [+: 3.97879886756e-16]  [-: 0.0] 
1.0,23.08,2.5,1.0,1.0,13.0,4.0,0.085,2.0,2.0,0.0,2.0,1.0,100.0,4208.0,2.0, [ + ]  [WRONG] [+: 0.0]  [-: 9.0587114619e-21] 
1.0,18.08,5.5,1.0,1.0,6.0,1.0,0.5,1.0,2.0,0.0,1.0,1.0,80.0,0.0,1.0, [ - ]  [WRONG] [+: 1.00934260971e-16]  [-: 0.0] 
1.0,41.0,0.04,1.0,1.0,11.0,1.0,0.04,2.0,1.0,1.0,1.0,2.0,560.0,0.0,1.0, [ - ]  [WRONG] [+: 2.63486996208e-18]  [-: 0.0] 
2.0,27.17,1.25,1.0,1.0,13.0,4.0,0.0,2.0,1.0,1.0,1.0,1.0,92.0,300.0,2.0, [ - ]  [+: 0.0]  [-: 4.10849297886e-13] 
1.0,22.08,2.335,1.0,1.0,6.0,1.0,0.75,2.0,2.0,0.0,1.0,1.0,180.0,0.0,2.0, [ - ]  [+: 0.0]  [-: 7.56496076115e-13] 
2.0,24.08,0.5,1.0,1.0,2.0,2.0,1.25,1.0,1.0,1.0,1.0,1.0,0.0,678.0,1.0, [ - ]  [WRONG] [+: 9.94790901148e-16]  [-: 0.0] 
1.0,37.5,1.125,2.0,2.0,8.0,1.0,1.5,2.0,2.0,0.0,2.0,1.0,431.0,0.0,1.0, [ - ]  [WRONG] [+: 1.68481859499e-18]  [-: 0.0] 
1.0,28.92,15.0,1.0,1.0,7.0,2.0,5.335,1.0,1.0,11.0,1.0,1.0,0.0,2283.0,1.0, [ + ]  [+: 1.55782886727e-16]  [-: 0.0] 
2.0,27.58,3.0,1.0,1.0,3.0,1.0,2.79,2.0,1.0,1.0,2.0,1.0,280.0,10.0,2.0, [ - ]  [+: 0.0]  [-: 2.03145360707e-13] 
1.0,36.42,0.75,2.0,2.0,8.0,1.0,0.585,2.0,2.0,0.0,1.0,1.0,240.0,3.0,2.0, [ - ]  [+: 0.0]  [-: 1.33628817341e-12] 
1.0,20.17,8.17,1.0,1.0,12.0,1.0,1.96,1.0,1.0,14.0,1.0,1.0,60.0,158.0,1.0, [ + ]  [+: 1.2493203063e-16]  [-: 0.0] 
1.0,21.83,0.25,1.0,1.0,8.0,2.0,0.665,1.0,2.0,0.0,2.0,1.0,0.0,0.0,1.0, [ - ]  [WRONG] [+: 8.71396363794e-17]  [-: 0.0] 
1.0,29.67,1.415,1.0,1.0,1.0,2.0,0.75,1.0,1.0,1.0,1.0,1.0,240.0,100.0,1.0, [ - ]  [WRONG] [+: 1.55451328577e-15]  [-: 0.0] 
1.0,22.5,11.5,2.0,2.0,3.0,1.0,1.5,2.0,2.0,0.0,2.0,1.0,0.0,4000.0,2.0, [ + ]  [WRONG] [+: 0.0]  [-: 9.06786335192e-21] 
1.0,32.25,1.5,1.0,1.0,7.0,1.0,0.25,2.0,2.0,0.0,2.0,1.0,372.0,122.0,2.0, [ - ]  [+: 0.0]  [-: 4.22278736039e-13] 
2.0,19.58,0.665,1.0,1.0,1.0,1.0,1.665,2.0,2.0,0.0,1.0,1.0,220.0,5.0,2.0, [ - ]  [+: 0.0]  [-: 3.11671104844e-13] 
2.0,22.75,6.165,1.0,1.0,12.0,1.0,0.165,2.0,2.0,0.0,1.0,1.0,220.0,1000.0,2.0, [ - ]  [+: 0.0]  [-: 2.77270267839e-13] 
1.0,54.58,9.415,1.0,1.0,13.0,4.0,14.415,1.0,1.0,11.0,2.0,1.0,30.0,300.0,1.0, [ + ]  [+: 4.16867428286e-19]  [-: 0.0] 
1.0,23.92,0.585,2.0,2.0,5.0,2.0,0.125,2.0,2.0,0.0,1.0,1.0,240.0,1.0,2.0, [ - ]  [+: 0.0]  [-: 3.09660777585e-13] 
1.0,36.5,4.25,1.0,1.0,2.0,1.0,3.5,2.0,2.0,0.0,1.0,1.0,454.0,50.0,2.0, [ - ]  [+: 0.0]  [-: 9.79586056986e-14] 
1.0,41.33,0.0,1.0,1.0,7.0,3.0,15.0,1.0,2.0,0.0,1.0,1.0,0.0,0.0,1.0, [ + ]  [+: 2.4000988359e-18]  [-: 0.0] 
1.0,45.0,8.5,1.0,1.0,5.0,2.0,14.0,1.0,1.0,1.0,2.0,1.0,88.0,2000.0,1.0, [ + ]  [+: 7.35882813509e-17]  [-: 0.0] 
1.0,36.67,4.415,2.0,2.0,6.0,1.0,0.25,1.0,1.0,10.0,2.0,1.0,320.0,0.0,1.0, [ + ]  [+: 1.12924109792e-16]  [-: 0.0] 
2.0,30.5,6.5,1.0,1.0,7.0,3.0,4.0,1.0,1.0,7.0,2.0,1.0,0.0,3065.0,1.0, [ + ]  [+: 1.12553068979e-15]  [-: 0.0] 
1.0,23.33,11.625,2.0,2.0,1.0,1.0,0.835,1.0,2.0,0.0,2.0,1.0,160.0,300.0,1.0, [ - ]  [WRONG] [+: 6.46267645777e-17]  [-: 0.0] 
2.0,31.25,3.75,1.0,1.0,5.0,2.0,0.625,1.0,1.0,9.0,2.0,1.0,181.0,0.0,1.0, [ + ]  [+: 2.72676380488e-15]  [-: 0.0] 
1.0,21.5,9.75,1.0,1.0,7.0,1.0,0.25,1.0,2.0,0.0,1.0,1.0,140.0,0.0,2.0, [ - ]  [+: 0.0]  [-: 5.23591014465e-14] 
1.0,25.0,11.25,1.0,1.0,7.0,1.0,2.5,1.0,1.0,17.0,1.0,1.0,200.0,1208.0,1.0, [ + ]  [+: 5.59231747621e-17]  [-: 0.0] 
1.0,54.83,15.5,1.0,1.0,11.0,6.0,0.0,1.0,1.0,20.0,1.0,1.0,152.0,130.0,2.0, [ + ]  [WRONG] [+: 0.0]  [-: 5.22122678841e-38] 
2.0,25.25,12.5,1.0,1.0,8.0,1.0,1.0,2.0,2.0,0.0,2.0,1.0,180.0,1062.0,2.0, [ - ]  [+: 0.0]  [-: 5.62370230243e-14] 
2.0,18.83,4.415,2.0,2.0,7.0,2.0,3.0,1.0,2.0,0.0,1.0,1.0,240.0,0.0,1.0, [ - ]  [WRONG] [+: 1.16124924189e-16]  [-: 0.0] 
1.0,23.0,0.75,1.0,1.0,3.0,1.0,0.5,2.0,2.0,0.0,2.0,2.0,320.0,0.0,2.0, [ - ]  [+: 0.0]  [-: 5.35712281174e-13] 
1.0,48.58,0.205,2.0,2.0,6.0,1.0,0.25,1.0,1.0,11.0,1.0,1.0,380.0,2732.0,1.0, [ + ]  [+: 1.88917520344e-17]  [-: 0.0] 
1.0,40.58,3.29,1.0,1.0,3.0,1.0,3.5,2.0,2.0,0.0,2.0,2.0,400.0,0.0,2.0, [ - ]  [+: 0.0]  [-: 2.05863181074e-13] 
1.0,17.42,6.5,1.0,1.0,10.0,1.0,0.125,2.0,2.0,0.0,1.0,1.0,60.0,100.0,2.0, [ - ]  [+: 0.0]  [-: 3.33989134834e-13] 
1.0,24.58,12.5,1.0,1.0,1.0,1.0,0.875,1.0,2.0,0.0,2.0,1.0,260.0,0.0,2.0, [ - ]  [+: 0.0]  [-: 1.9693129365e-14] 
2.0,25.17,2.875,1.0,1.0,9.0,2.0,0.875,1.0,2.0,0.0,1.0,1.0,360.0,0.0,1.0, [ - ]  [WRONG] [+: 4.60630156081e-16]  [-: 0.0] 
1.0,45.17,1.5,1.0,1.0,7.0,1.0,2.5,1.0,2.0,0.0,2.0,1.0,140.0,0.0,2.0, [ - ]  [+: 0.0]  [-: 4.76970616055e-14] 
1.0,26.92,2.25,1.0,1.0,10.0,3.0,0.5,2.0,2.0,0.0,2.0,1.0,640.0,4000.0,2.0, [ + ]  [WRONG] [+: 0.0]  [-: 3.66870812455e-21] 
2.0,53.33,0.165,1.0,1.0,13.0,4.0,0.0,2.0,2.0,0.0,2.0,2.0,62.0,27.0,2.0, [ - ]  [+: 0.0]  [-: 8.76842781597e-14] 
1.0,35.58,0.75,1.0,1.0,6.0,1.0,1.5,2.0,2.0,0.0,2.0,1.0,231.0,0.0,2.0, [ - ]  [+: 0.0]  [-: 6.85224444806e-13] 
2.0,52.17,0.0,2.0,2.0,13.0,4.0,0.0,2.0,2.0,0.0,1.0,1.0,0.0,0.0,2.0, [ - ]  [+: 0.0]  [-: 1.24464280411e-13] 
2.0,16.33,0.21,1.0,1.0,12.0,1.0,0.125,2.0,2.0,0.0,1.0,1.0,200.0,1.0,2.0, [ - ]  [+: 0.0]  [-: 2.51796011312e-13] 
1.0,22.0,7.835,2.0,2.0,10.0,3.0,0.165,2.0,2.0,0.0,2.0,1.0,184.014771049,0.0,2.0, [ - ]  [+: 0.0]  [-: 1.02579609847e-12] 
1.0,20.67,5.29,1.0,1.0,2.0,1.0,0.375,1.0,1.0,1.0,1.0,1.0,160.0,0.0,2.0, [ - ]  [+: 0.0]  [-: 2.97175938675e-14] 
1.0,48.33,12.0,1.0,1.0,3.0,1.0,16.0,1.0,2.0,0.0,1.0,2.0,110.0,0.0,1.0, [ + ]  [+: 5.72366723102e-19]  [-: 0.0] 
2.0,32.17,1.46,1.0,1.0,1.0,1.0,1.085,1.0,1.0,16.0,1.0,1.0,120.0,2079.0,1.0, [ + ]  [+: 1.50448125209e-16]  [-: 0.0] 
1.0,20.17,5.625,1.0,1.0,1.0,1.0,1.71,1.0,2.0,0.0,1.0,2.0,120.0,0.0,1.0, [ - ]  [WRONG] [+: 1.8147601523e-16]  [-: 0.0] 
1.0,74.83,19.0,2.0,2.0,13.0,4.0,0.04,2.0,1.0,2.0,1.0,1.0,0.0,351.0,2.0, [ - ]  [+: 0.0]  [-: 1.61478101343e-19] 
2.0,49.0,1.5,1.0,1.0,14.0,5.0,0.0,1.0,2.0,0.0,2.0,1.0,100.0,27.0,2.0, [ - ]  [+: 0.0]  [-: 3.00217880406e-14] 
1.0,34.58,0.0,1.0,1.0,7.0,1.0,0.0,2.0,2.0,0.0,1.0,3.0,184.014771049,0.0,2.0, [ - ]  [+: 0.0]  [-: 2.24334887666e-13] 
1.0,17.67,4.46,1.0,1.0,7.0,1.0,0.25,2.0,2.0,0.0,1.0,2.0,80.0,0.0,2.0, [ - ]  [+: 0.0]  [-: 4.23636046253e-13] 
1.0,51.83,3.0,2.0,2.0,13.0,4.0,1.5,2.0,2.0,0.0,1.0,1.0,180.0,4.0,2.0, [ - ]  [+: 0.0]  [-: 4.20832104552e-13] 
1.0,22.67,2.54,2.0,2.0,7.0,2.0,2.585,1.0,2.0,0.0,1.0,1.0,0.0,0.0,1.0, [ - ]  [WRONG] [+: 8.2951424956e-17]  [-: 0.0] 
2.0,44.33,0.0,1.0,1.0,7.0,1.0,2.5,1.0,2.0,0.0,1.0,1.0,0.0,0.0,1.0, [ - ]  [WRONG] [+: 1.20382360869e-16]  [-: 0.0] 
1.0,20.0,7.0,1.0,1.0,7.0,1.0,0.5,2.0,2.0,0.0,1.0,1.0,0.0,0.0,2.0, [ - ]  [+: 0.0]  [-: 2.2706645493e-13] 
1.0,39.17,1.71,1.0,1.0,9.0,1.0,0.125,1.0,1.0,5.0,2.0,1.0,480.0,0.0,1.0, [ + ]  [+: 3.44989002575e-16]  [-: 0.0] 
1.0,25.83,12.835,1.0,1.0,5.0,1.0,0.5,2.0,2.0,0.0,1.0,1.0,0.0,2.0,2.0, [ - ]  [+: 0.0]  [-: 2.63804076516e-14] 
2.0,25.42,1.125,1.0,1.0,2.0,1.0,1.29,1.0,1.0,2.0,1.0,1.0,200.0,0.0,2.0, [ - ]  [+: 0.0]  [-: 2.88845770896e-14] 
1.0,28.0,2.0,1.0,1.0,6.0,2.0,4.165,1.0,1.0,2.0,2.0,1.0,181.0,0.0,1.0, [ - ]  [WRONG] [+: 1.24675927766e-15]  [-: 0.0] 
1.0,31.58,0.75,2.0,2.0,12.0,1.0,3.5,2.0,2.0,0.0,2.0,1.0,320.0,0.0,2.0, [ - ]  [+: 0.0]  [-: 6.66615963305e-13] 
1.0,55.92,11.5,1.0,1.0,13.0,4.0,5.0,1.0,1.0,5.0,1.0,1.0,0.0,8851.0,1.0, [ + ]  [+: 1.06447821271e-17]  [-: 0.0] 
2.0,38.92,1.665,1.0,1.0,12.0,1.0,0.25,2.0,2.0,0.0,1.0,1.0,0.0,390.0,2.0, [ - ]  [+: 0.0]  [-: 2.84737024306e-13] 
1.0,44.83,7.0,2.0,2.0,7.0,1.0,1.625,2.0,2.0,0.0,1.0,1.0,160.0,2.0,2.0, [ - ]  [+: 0.0]  [-: 4.61971293714e-13] 
1.0,27.67,13.75,1.0,1.0,1.0,1.0,5.75,1.0,2.0,0.0,2.0,1.0,487.0,500.0,1.0, [ - ]  [WRONG] [+: 2.38952407874e-17]  [-: 0.0] 
1.0,35.17,4.5,1.0,1.0,9.0,2.0,5.75,2.0,2.0,0.0,2.0,2.0,711.0,0.0,1.0, [ - ]  [WRONG] [+: 3.51633983663e-19]  [-: 0.0] 
1.0,44.0,2.0,1.0,1.0,3.0,1.0,1.75,1.0,1.0,2.0,2.0,1.0,0.0,15.0,1.0, [ - ]  [WRONG] [+: 5.71840055659e-16]  [-: 0.0] 
2.0,22.67,0.79,1.0,1.0,10.0,1.0,0.085,2.0,2.0,0.0,1.0,1.0,144.0,0.0,2.0, [ - ]  [+: 0.0]  [-: 5.63747906349e-13] 
1.0,20.0,1.25,2.0,2.0,6.0,1.0,0.125,2.0,2.0,0.0,1.0,1.0,140.0,4.0,2.0, [ - ]  [+: 0.0]  [-: 9.96196857209e-13] 
2.0,68.67,15.0,1.0,1.0,11.0,6.0,0.0,1.0,1.0,14.0,1.0,1.0,0.0,3376.0,1.0, [ + ]  [+: 1.74900869472e-18]  [-: 0.0] 
2.0,22.5,0.415,1.0,1.0,10.0,1.0,0.335,2.0,2.0,0.0,2.0,2.0,144.0,0.0,2.0, [ - ]  [+: 0.0]  [-: 7.21891087903e-13] 
2.0,22.5,8.46,2.0,2.0,9.0,1.0,2.46,2.0,2.0,0.0,1.0,1.0,164.0,0.0,1.0, [ - ]  [WRONG] [+: 1.90708196972e-17]  [-: 0.0] 
1.0,29.42,1.25,1.0,1.0,1.0,1.0,1.75,2.0,2.0,0.0,1.0,1.0,200.0,0.0,2.0, [ - ]  [+: 0.0]  [-: 5.66469307979e-13] 
