1.0,26.17,12.5,2.0,2.0,6.0,2.0,1.25,2.0,2.0,0.0,2.0,1.0,0.0,17.0,2.0, [ - ]  [+: 0.0]  [-: 1.09054630358e-13] 
2.0,28.58,1.665,1.0,1.0,2.0,1.0,2.415,1.0,2.0,0.0,2.0,1.0,440.0,0.0,2.0, [ - ]  [+: 0.0]  [-: 3.2582376184e-14] 
1.0,39.5,1.625,1.0,1.0,7.0,1.0,1.5,2.0,2.0,0.0,1.0,1.0,0.0,316.0,2.0, [ - ]  [+: 0.0]  [-: 2.86845184917e-13] 
2.0,28.67,1.04,1.0,1.0,7.0,1.0,2.5,1.0,1.0,5.0,2.0,1.0,300.0,1430.0,1.0, [ + ]  [+: 8.15166360313e-16]  [-: 0.0] 
2.0,21.75,1.75,2.0,2.0,14.0,5.0,0.0,2.0,2.0,0.0,1.0,1.0,160.0,0.0,2.0, [ - ]  [+: 0.0]  [-: 1.7063230411e-12] 
1.0,36.33,2.125,2.0,2.0,1.0,1.0,0.085,1.0,1.0,1.0,1.0,1.0,50.0,1187.0,1.0, [ - ]  [WRONG] [+: 2.06474961482e-16]  [-: 0.0] 
1.0,28.92,15.0,1.0,1.0,7.0,2.0,5.335,1.0,1.0,11.0,1.0,1.0,0.0,2283.0,1.0, [ + ]  [+: 1.52773583832e-16]  [-: 0.0] 
1.0,23.25,1.5,1.0,1.0,2.0,1.0,2.375,1.0,1.0,3.0,2.0,1.0,0.0,582.0,1.0, [ - ]  [WRONG] [+: 7.49327190862e-16]  [-: 0.0] 
1.0,26.0,1.0,1.0,1.0,2.0,1.0,1.75,1.0,2.0,0.0,2.0,1.0,280.0,0.0,1.0, [ - ]  [WRONG] [+: 2.56318052678e-16]  [-: 0.0] 
2.0,22.75,6.165,1.0,1.0,12.0,1.0,0.165,2.0,2.0,0.0,1.0,1.0,220.0,1000.0,2.0, [ - ]  [+: 0.0]  [-: 3.15840726155e-13] 
1.0,65.42,11.0,1.0,1.0,11.0,6.0,20.0,1.0,1.0,7.0,2.0,1.0,22.0,0.0,1.0, [ + ]  [+: 2.98074715762e-20]  [-: 0.0] 
1.0,18.08,6.75,2.0,2.0,3.0,1.0,0.04,2.0,2.0,0.0,1.0,1.0,140.0,0.0,2.0, [ - ]  [+: 0.0]  [-: 8.03113955586e-13] 
2.0,31.5681710914,1.5,1.0,1.0,13.0,4.0,0.0,2.0,1.0,2.0,2.0,1.0,200.0,105.0,2.0, [ - ]  [+: 0.0]  [-: 4.94558816662e-13] 
1.0,22.67,10.5,1.0,1.0,2.0,2.0,1.335,1.0,2.0,0.0,1.0,1.0,100.0,0.0,1.0, [ - ]  [WRONG] [+: 3.82846479914e-16]  [-: 0.0] 
1.0,22.25,0.46,1.0,1.0,6.0,1.0,0.125,2.0,2.0,0.0,2.0,1.0,280.0,55.0,2.0, [ - ]  [+: 0.0]  [-: 5.46987811885e-13] 
1.0,28.67,9.335,1.0,1.0,2.0,2.0,5.665,1.0,1.0,6.0,1.0,1.0,381.0,168.0,1.0, [ + ]  [+: 9.22568068902e-16]  [-: 0.0] 
2.0,21.67,11.5,2.0,2.0,14.0,5.0,0.0,1.0,1.0,11.0,2.0,1.0,0.0,0.0,1.0, [ + ]  [+: 1.71132107322e-17]  [-: 0.0] 
1.0,17.42,6.5,1.0,1.0,10.0,1.0,0.125,2.0,2.0,0.0,1.0,1.0,60.0,100.0,2.0, [ - ]  [+: 0.0]  [-: 3.53166290785e-13] 
2.0,30.5,6.5,1.0,1.0,7.0,3.0,4.0,1.0,1.0,7.0,2.0,1.0,0.0,3065.0,1.0, [ + ]  [+: 9.4824644591e-16]  [-: 0.0] 
2.0,41.0,2.04,2.0,2.0,2.0,2.0,0.125,1.0,1.0,23.0,2.0,1.0,455.0,1236.0,1.0, [ + ]  [+: 1.5752877508e-19]  [-: 0.0] 
1.0,27.25,0.625,1.0,1.0,12.0,1.0,0.455,1.0,2.0,0.0,2.0,1.0,200.0,0.0,2.0, [ - ]  [+: 0.0]  [-: 1.71013625268e-13] 
1.0,21.83,1.54,1.0,1.0,6.0,1.0,0.085,2.0,2.0,0.0,2.0,1.0,356.0,0.0,2.0, [ - ]  [+: 0.0]  [-: 4.1770424956e-13] 
1.0,35.75,2.415,1.0,1.0,1.0,1.0,0.125,2.0,1.0,2.0,1.0,1.0,220.0,1.0,2.0, [ - ]  [+: 0.0]  [-: 1.97375982546e-13] 
1.0,36.67,2.0,1.0,1.0,10.0,1.0,0.25,2.0,2.0,0.0,2.0,1.0,221.0,0.0,2.0, [ - ]  [+: 0.0]  [-: 8.72446198442e-13] 
1.0,44.33,0.5,1.0,1.0,10.0,2.0,5.0,1.0,2.0,0.0,2.0,1.0,320.0,0.0,1.0, [ - ]  [WRONG] [+: 1.00225813526e-16]  [-: 0.0] 
1.0,21.5,11.5,1.0,1.0,10.0,1.0,0.5,1.0,2.0,0.0,2.0,1.0,100.0,68.0,2.0, [ - ]  [+: 0.0]  [-: 3.91793737998e-14] 
2.0,33.25,2.5,2.0,2.0,7.0,1.0,2.5,2.0,2.0,0.0,2.0,1.0,0.0,2.0,2.0, [ - ]  [+: 0.0]  [-: 7.07036404631e-13] 
1.0,21.33,7.5,1.0,1.0,12.0,1.0,1.415,1.0,1.0,1.0,1.0,1.0,80.0,9800.0,1.0, [ + ]  [+: 4.20056652206e-16]  [-: 0.0] 
1.0,32.25,1.5,1.0,1.0,7.0,1.0,0.25,2.0,2.0,0.0,2.0,1.0,372.0,122.0,2.0, [ - ]  [+: 0.0]  [-: 4.20332600238e-13] 
2.0,65.17,14.0,1.0,1.0,13.0,4.0,0.0,1.0,1.0,11.0,2.0,1.0,0.0,1400.0,1.0, [ + ]  [+: 9.17303379855e-19]  [-: 0.0] 
2.0,31.92,3.125,1.0,1.0,13.0,4.0,3.04,2.0,1.0,2.0,2.0,1.0,200.0,4.0,2.0, [ - ]  [+: 0.0]  [-: 4.42141082449e-13] 
2.0,18.92,9.25,2.0,2.0,7.0,1.0,1.0,1.0,1.0,4.0,2.0,1.0,80.0,500.0,1.0, [ - ]  [WRONG] [+: 1.70100895775e-16]  [-: 0.0] 
1.0,23.75,0.415,2.0,2.0,7.0,1.0,0.04,2.0,1.0,2.0,1.0,1.0,128.0,6.0,2.0, [ - ]  [+: 0.0]  [-: 3.4242143251e-13] 
2.0,16.33,0.21,1.0,1.0,12.0,1.0,0.125,2.0,2.0,0.0,1.0,1.0,200.0,1.0,2.0, [ - ]  [+: 0.0]  [-: 2.85271561529e-13] 
1.0,31.67,16.165,1.0,1.0,8.0,1.0,3.0,1.0,1.0,9.0,1.0,1.0,250.0,730.0,1.0, [ + ]  [+: 5.83381374159e-17]  [-: 0.0] 
1.0,32.08,4.0,2.0,2.0,5.0,1.0,1.5,2.0,2.0,0.0,2.0,1.0,120.0,0.0,2.0, [ - ]  [+: 0.0]  [-: 7.06336917883e-13] 
2.0,55.75,7.08,1.0,1.0,6.0,2.0,6.75,1.0,1.0,3.0,2.0,1.0,100.0,50.0,2.0, [ + ]  [WRONG] [+: 0.0]  [-: 3.95715714268e-17] 
2.0,19.17,0.585,2.0,2.0,12.0,1.0,0.585,1.0,2.0,0.0,2.0,1.0,160.0,0.0,2.0, [ - ]  [+: 0.0]  [-: 2.15910988379e-13] 
1.0,29.92,1.835,1.0,1.0,7.0,2.0,4.335,1.0,2.0,0.0,1.0,1.0,260.0,200.0,1.0, [ - ]  [WRONG] [+: 3.87596138207e-16]  [-: 0.0] 
1.0,56.58,18.5,1.0,1.0,8.0,3.0,15.0,1.0,1.0,17.0,2.0,1.0,0.0,0.0,1.0, [ + ]  [+: 6.12716776822e-21]  [-: 0.0] 
2.0,37.75,5.5,1.0,1.0,2.0,1.0,0.125,1.0,2.0,0.0,2.0,1.0,228.0,0.0,1.0, [ - ]  [WRONG] [+: 4.6341852513e-16]  [-: 0.0] 
1.0,37.5,1.75,2.0,2.0,7.0,3.0,0.25,1.0,2.0,0.0,2.0,1.0,164.0,400.0,2.0, [ - ]  [+: 0.0]  [-: 3.16504014312e-13] 
1.0,22.08,0.83,1.0,1.0,7.0,2.0,2.165,2.0,2.0,0.0,2.0,1.0,128.0,0.0,1.0, [ - ]  [WRONG] [+: 2.34544636217e-17]  [-: 0.0] 
1.0,39.08,6.0,1.0,1.0,3.0,1.0,1.29,1.0,1.0,5.0,2.0,1.0,108.0,1097.0,1.0, [ - ]  [WRONG] [+: 1.32000411734e-15]  [-: 0.0] 
1.0,18.67,5.0,1.0,1.0,2.0,1.0,0.375,1.0,1.0,2.0,1.0,1.0,0.0,38.0,2.0, [ - ]  [+: 0.0]  [-: 1.22298367312e-14] 
1.0,21.0,4.79,2.0,2.0,1.0,1.0,2.25,1.0,1.0,1.0,2.0,1.0,80.0,300.0,1.0, [ - ]  [WRONG] [+: 2.40879185343e-16]  [-: 0.0] 
1.0,23.08,2.5,1.0,1.0,7.0,1.0,1.085,1.0,1.0,11.0,2.0,1.0,60.0,2184.0,1.0, [ + ]  [+: 3.20527356069e-16]  [-: 0.0] 
1.0,23.92,1.5,1.0,1.0,8.0,2.0,1.875,1.0,1.0,6.0,1.0,1.0,200.0,327.0,1.0, [ - ]  [WRONG] [+: 3.76323309679e-16]  [-: 0.0] 
1.0,74.83,19.0,2.0,2.0,13.0,4.0,0.04,2.0,1.0,2.0,1.0,1.0,0.0,351.0,2.0, [ - ]  [+: 0.0]  [-: 3.10369362735e-19] 
2.0,19.58,0.665,2.0,2.0,7.0,1.0,1.0,2.0,1.0,1.0,1.0,1.0,2000.0,2.0,2.0, [ - ]  [+: 0.0]  [-: 3.32106691437e-41] 
1.0,32.42,3.0,1.0,1.0,8.0,1.0,0.165,2.0,2.0,0.0,2.0,1.0,120.0,0.0,2.0, [ - ]  [+: 0.0]  [-: 1.11621392932e-12] 
2.0,20.67,1.835,1.0,1.0,2.0,1.0,2.085,1.0,1.0,5.0,1.0,1.0,220.0,2503.0,1.0, [ + ]  [+: 1.11682856663e-15]  [-: 0.0] 
2.0,41.33,1.0,1.0,1.0,10.0,3.0,2.25,1.0,2.0,0.0,2.0,1.0,0.0,300.0,1.0, [ - ]  [WRONG] [+: 8.8836123542e-17]  [-: 0.0] 
1.0,24.17,0.875,1.0,1.0,2.0,1.0,4.625,1.0,1.0,2.0,2.0,1.0,520.0,2000.0,1.0, [ + ]  [+: 8.95405715656e-17]  [-: 0.0] 
1.0,28.25,5.125,1.0,1.0,9.0,1.0,4.75,1.0,1.0,2.0,1.0,1.0,420.0,7.0,1.0, [ - ]  [WRONG] [+: 7.22661015299e-16]  [-: 0.0] 
1.0,26.83,0.54,1.0,1.0,6.0,4.0,0.0,2.0,2.0,0.0,1.0,1.0,100.0,0.0,2.0, [ - ]  [+: 0.0]  [-: 9.34573310952e-13] 
1.0,31.58,0.75,2.0,2.0,12.0,1.0,3.5,2.0,2.0,0.0,2.0,1.0,320.0,0.0,2.0, [ - ]  [+: 0.0]  [-: 7.21100673864e-13] 
1.0,30.17,0.5,1.0,1.0,7.0,1.0,1.75,1.0,1.0,11.0,1.0,1.0,32.0,540.0,1.0, [ + ]  [+: 2.94578499505e-16]  [-: 0.0] 
1.0,36.17,0.42,2.0,2.0,1.0,1.0,0.29,2.0,2.0,0.0,2.0,1.0,309.0,2.0,2.0, [ - ]  [+: 0.0]  [-: 8.04772920676e-13] 
1.0,24.42,2.0,1.0,1.0,11.0,8.0,0.165,2.0,1.0,2.0,1.0,1.0,320.0,1300.0,2.0, [ - ]  [+: 0.0]  [-: 3.80582462328e-14] 
1.0,20.67,0.835,2.0,2.0,7.0,1.0,2.0,2.0,2.0,0.0,2.0,2.0,240.0,0.0,2.0, [ - ]  [+: 0.0]  [-: 1.38556037378e-12] 
1.0,34.08,0.08,2.0,2.0,3.0,3.0,0.04,1.0,1.0,1.0,2.0,1.0,280.0,2000.0,1.0, [ - ]  [WRONG] [+: 1.12608528939e-16]  [-: 0.0] 
1.0,15.17,7.0,1.0,1.0,11.0,1.0,1.0,2.0,2.0,0.0,1.0,1.0,600.0,0.0,2.0, [ - ]  [+: 0.0]  [-: 9.34791814344e-15] 
1.0,25.67,12.5,1.0,1.0,5.0,1.0,1.21,1.0,1.0,67.0,2.0,1.0,140.0,258.0,1.0, [ + ]  [+: 2.67549248466e-47]  [-: 0.0] 
2.0,48.17,1.335,1.0,1.0,10.0,7.0,0.335,2.0,2.0,0.0,1.0,1.0,0.0,120.0,2.0, [ + ]  [WRONG] [+: 0.0]  [-: 0.0] 
2.0,24.75,3.0,1.0,1.0,2.0,2.0,1.835,1.0,1.0,19.0,1.0,1.0,0.0,500.0,1.0, [ + ]  [+: 2.73217843497e-17]  [-: 0.0] 
1.0,40.25,21.5,1.0,1.0,11.0,6.0,20.0,1.0,1.0,11.0,1.0,1.0,0.0,1200.0,1.0, [ + ]  [+: 5.68837428878e-21]  [-: 0.0] 
1.0,23.08,0.0,1.0,1.0,6.0,1.0,1.0,2.0,1.0,11.0,1.0,2.0,0.0,0.0,2.0, [ + ]  [WRONG] [+: 0.0]  [-: 7.15276152972e-20] 
1.0,35.17,4.5,1.0,1.0,9.0,2.0,5.75,2.0,2.0,0.0,2.0,2.0,711.0,0.0,1.0, [ - ]  [WRONG] [+: 1.4763210142e-19]  [-: 0.0] 
1.0,35.0,2.5,1.0,1.0,10.0,1.0,1.0,2.0,2.0,0.0,2.0,1.0,210.0,0.0,2.0, [ - ]  [+: 0.0]  [-: 1.1055956669e-12] 
1.0,31.83,2.5,1.0,1.0,12.0,1.0,7.5,1.0,2.0,0.0,2.0,1.0,523.0,0.0,2.0, [ - ]  [+: 0.0]  [-: 3.06780550633e-16] 
1.0,43.0,0.29,2.0,2.0,5.0,2.0,1.75,1.0,1.0,8.0,1.0,1.0,100.0,375.0,1.0, [ + ]  [+: 4.01570914099e-16]  [-: 0.0] 
1.0,23.33,11.625,2.0,2.0,1.0,1.0,0.835,1.0,2.0,0.0,2.0,1.0,160.0,300.0,1.0, [ - ]  [WRONG] [+: 5.27474592575e-17]  [-: 0.0] 
1.0,32.25,14.0,2.0,2.0,13.0,4.0,0.0,2.0,1.0,2.0,1.0,1.0,160.0,1.0,2.0, [ - ]  [+: 0.0]  [-: 8.53210823189e-14] 
2.0,25.25,13.5,2.0,2.0,13.0,4.0,2.0,2.0,1.0,1.0,2.0,1.0,200.0,1.0,2.0, [ - ]  [+: 0.0]  [-: 1.36772359331e-13] 
1.0,36.67,4.415,2.0,2.0,6.0,1.0,0.25,1.0,1.0,10.0,2.0,1.0,320.0,0.0,1.0, [ + ]  [+: 7.76314816427e-17]  [-: 0.0] 
1.0,39.17,2.5,2.0,2.0,10.0,2.0,10.0,2.0,2.0,0.0,2.0,2.0,200.0,0.0,2.0, [ - ]  [+: 0.0]  [-: 2.41324212591e-16] 
2.0,17.33,9.5,1.0,1.0,12.0,1.0,1.75,2.0,1.0,10.0,2.0,1.0,0.0,10.0,2.0, [ + ]  [WRONG] [+: 0.0]  [-: 2.48389095694e-19] 
1.0,31.5681710914,4.0,2.0,2.0,10.0,1.0,0.085,2.0,2.0,0.0,2.0,1.0,411.0,0.0,2.0, [ - ]  [+: 0.0]  [-: 9.54715259722e-13] 
2.0,19.17,5.415,1.0,1.0,10.0,2.0,0.29,2.0,2.0,0.0,1.0,1.0,80.0,484.0,2.0, [ - ]  [+: 0.0]  [-: 3.09282141148e-13] 
1.0,23.0,0.75,1.0,1.0,3.0,1.0,0.5,2.0,2.0,0.0,2.0,2.0,320.0,0.0,2.0, [ - ]  [+: 0.0]  [-: 6.01433008616e-13] 
1.0,29.58,4.5,1.0,1.0,1.0,1.0,7.5,1.0,1.0,2.0,2.0,1.0,330.0,0.0,1.0, [ + ]  [+: 6.35891954e-16]  [-: 0.0] 
1.0,20.5,2.415,1.0,1.0,7.0,1.0,2.0,1.0,1.0,11.0,2.0,1.0,200.0,3000.0,1.0, [ + ]  [+: 3.50067438563e-16]  [-: 0.0] 
1.0,23.58,1.79,1.0,1.0,7.0,1.0,0.54,2.0,2.0,0.0,2.0,1.0,136.0,1.0,2.0, [ - ]  [+: 0.0]  [-: 6.56311202883e-13] 
1.0,32.83,2.5,1.0,1.0,5.0,2.0,2.75,1.0,1.0,6.0,1.0,1.0,160.0,2072.0,1.0, [ + ]  [+: 3.72846995236e-15]  [-: 0.0] 
1.0,38.58,3.335,1.0,1.0,1.0,1.0,4.0,1.0,1.0,14.0,1.0,1.0,383.0,1344.0,1.0, [ + ]  [+: 1.19533794168e-16]  [-: 0.0] 
1.0,19.5,0.29,1.0,1.0,6.0,1.0,0.29,2.0,2.0,0.0,1.0,1.0,280.0,364.0,2.0, [ - ]  [+: 0.0]  [-: 4.52591562852e-13] 
1.0,48.58,6.5,1.0,1.0,2.0,2.0,6.0,1.0,2.0,0.0,2.0,1.0,350.0,0.0,1.0, [ - ]  [WRONG] [+: 2.24473902113e-16]  [-: 0.0] 
2.0,27.67,1.5,1.0,1.0,3.0,1.0,2.0,1.0,2.0,0.0,1.0,2.0,368.0,0.0,2.0, [ - ]  [+: 0.0]  [-: 1.34383375127e-13] 
2.0,32.0,6.0,1.0,1.0,8.0,1.0,1.25,2.0,2.0,0.0,1.0,1.0,272.0,0.0,2.0, [ - ]  [+: 0.0]  [-: 1.10621268729e-12] 
1.0,28.75,1.5,2.0,2.0,7.0,1.0,1.5,1.0,2.0,0.0,2.0,1.0,0.0,225.0,2.0, [ - ]  [+: 0.0]  [-: 2.07019488444e-13] 
2.0,29.5,1.085,2.0,2.0,9.0,1.0,1.0,2.0,2.0,0.0,1.0,1.0,280.0,13.0,2.0, [ - ]  [+: 0.0]  [-: 3.74757824303e-13] 
1.0,36.5,4.25,1.0,1.0,2.0,1.0,3.5,2.0,2.0,0.0,1.0,1.0,454.0,50.0,2.0, [ - ]  [+: 0.0]  [-: 8.28585023136e-14] 
2.0,21.92,11.665,1.0,1.0,6.0,2.0,0.085,2.0,2.0,0.0,1.0,1.0,320.0,5.0,2.0, [ - ]  [+: 0.0]  [-: 7.5576301922e-14] 
1.0,24.58,12.5,1.0,1.0,1.0,1.0,0.875,1.0,2.0,0.0,2.0,1.0,260.0,0.0,2.0, [ - ]  [+: 0.0]  [-: 2.25639694872e-14] 
2.0,49.83,13.585,1.0,1.0,6.0,2.0,8.5,1.0,2.0,0.0,2.0,1.0,0.0,0.0,1.0, [ + ]  [+: 2.71536933424e-17]  [-: 0.0] 
1.0,33.17,3.165,2.0,2.0,9.0,1.0,3.165,1.0,1.0,3.0,2.0,1.0,380.0,0.0,1.0, [ - ]  [WRONG] [+: 3.24500424676e-16]  [-: 0.0] 
1.0,21.33,10.5,1.0,1.0,7.0,1.0,3.0,1.0,2.0,0.0,2.0,1.0,0.0,0.0,1.0, [ - ]  [WRONG] [+: 1.21496672759e-16]  [-: 0.0] 
2.0,31.5681710914,11.25,1.0,1.0,13.0,4.0,0.0,2.0,2.0,0.0,1.0,1.0,184.014771049,5200.0,2.0, [ + ]  [WRONG] [+: 0.0]  [-: 4.34622913501e-25] 
1.0,25.5,0.375,1.0,1.0,3.0,1.0,0.25,1.0,1.0,3.0,1.0,1.0,260.0,15108.0,1.0, [ + ]  [+: 1.5249073311e-16]  [-: 0.0] 
2.0,22.83,2.29,1.0,1.0,2.0,2.0,2.29,1.0,1.0,7.0,2.0,1.0,140.0,2384.0,1.0, [ + ]  [+: 1.97748065777e-15]  [-: 0.0] 
2.0,29.5,0.46,1.0,1.0,6.0,1.0,0.54,1.0,1.0,4.0,1.0,1.0,380.0,500.0,1.0, [ - ]  [WRONG] [+: 2.21947489134e-16]  [-: 0.0] 
1.0,21.83,0.25,1.0,1.0,8.0,2.0,0.665,1.0,2.0,0.0,2.0,1.0,0.0,0.0,1.0, [ - ]  [WRONG] [+: 3.7792432887e-17]  [-: 0.0] 
1.0,39.17,1.625,1.0,1.0,7.0,1.0,1.5,1.0,1.0,10.0,1.0,1.0,186.0,4700.0,1.0, [ + ]  [+: 5.76531278559e-16]  [-: 0.0] 
1.0,37.33,2.665,1.0,1.0,5.0,1.0,0.165,2.0,2.0,0.0,2.0,1.0,0.0,501.0,2.0, [ - ]  [+: 0.0]  [-: 1.11917163293e-13] 
1.0,33.75,2.75,1.0,1.0,10.0,3.0,0.0,2.0,2.0,0.0,1.0,1.0,180.0,0.0,2.0, [ - ]  [+: 0.0]  [-: 1.05095432493e-12] 
1.0,22.08,2.335,1.0,1.0,6.0,1.0,0.75,2.0,2.0,0.0,1.0,1.0,180.0,0.0,2.0, [ - ]  [+: 0.0]  [-: 8.78976545418e-13] 
2.0,47.0,13.0,1.0,1.0,10.0,3.0,5.165,1.0,1.0,9.0,2.0,1.0,0.0,0.0,1.0, [ + ]  [+: 1.07162590438e-16]  [-: 0.0] 
1.0,36.25,5.0,1.0,1.0,7.0,3.0,2.5,1.0,1.0,6.0,1.0,1.0,0.0,367.0,1.0, [ + ]  [+: 9.00995485591e-16]  [-: 0.0] 
1.0,28.25,0.875,1.0,1.0,3.0,1.0,0.96,1.0,1.0,3.0,2.0,1.0,396.0,0.0,1.0, [ - ]  [WRONG] [+: 2.67443305447e-16]  [-: 0.0] 
1.0,48.08,3.75,1.0,1.0,10.0,3.0,1.0,2.0,2.0,0.0,1.0,1.0,100.0,2.0,2.0, [ - ]  [+: 0.0]  [-: 2.82534447568e-13] 
1.0,36.75,0.125,2.0,2.0,7.0,1.0,1.5,2.0,2.0,0.0,2.0,1.0,232.0,113.0,1.0, [ - ]  [WRONG] [+: 5.04484645326e-18]  [-: 0.0] 
1.0,41.0,0.04,1.0,1.0,11.0,1.0,0.04,2.0,1.0,1.0,1.0,2.0,560.0,0.0,1.0, [ - ]  [WRONG] [+: 1.45869573146e-18]  [-: 0.0] 
1.0,13.75,4.0,2.0,2.0,1.0,1.0,1.75,1.0,1.0,2.0,2.0,1.0,120.0,1000.0,1.0, [ - ]  [WRONG] [+: 1.3584551522e-16]  [-: 0.0] 
1.0,19.42,1.5,2.0,2.0,5.0,1.0,2.0,1.0,2.0,0.0,2.0,1.0,100.0,20.0,2.0, [ - ]  [+: 0.0]  [-: 8.08406593782e-14] 
1.0,25.67,2.21,2.0,2.0,12.0,1.0,4.0,1.0,2.0,0.0,1.0,1.0,188.0,0.0,2.0, [ - ]  [+: 0.0]  [-: 1.95078341478e-13] 
1.0,51.83,2.04,2.0,2.0,13.0,4.0,1.5,2.0,2.0,0.0,1.0,1.0,120.0,1.0,2.0, [ - ]  [+: 0.0]  [-: 5.14163411223e-13] 
1.0,27.67,0.75,1.0,1.0,2.0,2.0,0.165,2.0,2.0,0.0,2.0,1.0,220.0,251.0,2.0, [ - ]  [+: 0.0]  [-: 2.94569160754e-13] 
1.0,26.75,4.5,2.0,2.0,7.0,3.0,2.5,2.0,2.0,0.0,1.0,1.0,200.0,1210.0,2.0, [ - ]  [+: 0.0]  [-: 5.98427373333e-13] 
2.0,20.75,10.25,1.0,1.0,2.0,1.0,0.71,1.0,1.0,2.0,2.0,1.0,49.0,0.0,1.0, [ - ]  [WRONG] [+: 7.04414850484e-16]  [-: 0.0] 
1.0,18.25,0.165,1.0,1.0,8.0,1.0,0.25,2.0,2.0,0.0,2.0,2.0,280.0,0.0,2.0, [ - ]  [+: 0.0]  [-: 6.02523096554e-13] 
2.0,30.67,12.0,1.0,1.0,7.0,1.0,2.0,1.0,1.0,1.0,1.0,1.0,220.0,19.0,1.0, [ - ]  [WRONG] [+: 7.34867990185e-16]  [-: 0.0] 
1.0,17.67,4.46,1.0,1.0,7.0,1.0,0.25,2.0,2.0,0.0,1.0,2.0,80.0,0.0,2.0, [ - ]  [+: 0.0]  [-: 4.74224020974e-13] 
1.0,23.17,0.0,1.0,1.0,5.0,1.0,0.085,1.0,2.0,0.0,1.0,1.0,0.0,0.0,1.0, [ - ]  [WRONG] [+: 1.34747663612e-16]  [-: 0.0] 
1.0,18.58,10.29,1.0,1.0,13.0,4.0,0.415,2.0,2.0,0.0,1.0,1.0,80.0,0.0,2.0, [ - ]  [+: 0.0]  [-: 3.09481646188e-13] 
1.0,40.58,1.5,1.0,1.0,10.0,3.0,0.0,2.0,2.0,0.0,1.0,2.0,300.0,0.0,2.0, [ - ]  [+: 0.0]  [-: 6.61690381577e-13] 
1.0,30.67,2.5,1.0,1.0,5.0,2.0,2.25,2.0,2.0,0.0,2.0,2.0,340.0,0.0,2.0, [ - ]  [+: 0.0]  [-: 1.82366102182e-13] 
1.0,35.58,0.75,1.0,1.0,6.0,1.0,1.5,2.0,2.0,0.0,2.0,1.0,231.0,0.0,2.0, [ - ]  [+: 0.0]  [-: 8.10267166022e-13] 
2.0,30.42,1.375,1.0,1.0,1.0,2.0,0.04,2.0,1.0,3.0,1.0,1.0,0.0,33.0,2.0, [ - ]  [+: 0.0]  [-: 3.52166080688e-14] 
1.0,34.83,4.0,1.0,1.0,8.0,3.0,12.5,1.0,2.0,0.0,2.0,1.0,184.014771049,0.0,2.0, [ + ]  [WRONG] [+: 0.0]  [-: 1.55382162187e-19] 
2.0,44.17,6.665,1.0,1.0,2.0,1.0,7.375,1.0,1.0,3.0,2.0,1.0,0.0,0.0,1.0, [ + ]  [+: 7.84738290016e-16]  [-: 0.0] 
1.0,24.08,0.875,1.0,1.0,3.0,1.0,0.085,2.0,1.0,4.0,1.0,1.0,254.0,1950.0,2.0, [ - ]  [+: 0.0]  [-: 1.82134534313e-15] 
2.0,57.58,2.0,1.0,1.0,13.0,4.0,6.5,2.0,1.0,1.0,1.0,1.0,0.0,10.0,2.0, [ - ]  [+: 0.0]  [-: 5.99332821405e-16] 
1.0,16.17,0.04,1.0,1.0,7.0,1.0,0.04,2.0,2.0,0.0,1.0,1.0,0.0,0.0,1.0, [ - ]  [WRONG] [+: 3.59617473012e-18]  [-: 0.0] 
1.0,25.83,12.835,1.0,1.0,5.0,1.0,0.5,2.0,2.0,0.0,1.0,1.0,0.0,2.0,2.0, [ - ]  [+: 0.0]  [-: 1.92075928677e-14] 
1.0,22.0,0.79,1.0,1.0,1.0,1.0,0.29,2.0,1.0,1.0,1.0,1.0,420.0,283.0,2.0, [ - ]  [+: 0.0]  [-: 7.36771644402e-14] 
1.0,34.0,5.5,2.0,2.0,7.0,1.0,1.5,2.0,2.0,0.0,2.0,1.0,60.0,0.0,2.0, [ - ]  [+: 0.0]  [-: 1.2688541694e-12] 
2.0,26.08,8.665,1.0,1.0,12.0,1.0,1.415,1.0,2.0,0.0,1.0,1.0,160.0,150.0,1.0, [ - ]  [WRONG] [+: 2.88826989995e-16]  [-: 0.0] 
