2.0,41.17,6.5,1.0,1.0,2.0,1.0,0.5,1.0,1.0,3.0,2.0,1.0,145.0,0.0,1.0, [ - ]  [WRONG] [+: 1.33858559525e-15]  [-: 0.0] 
1.0,58.58,2.71,1.0,1.0,7.0,1.0,2.415,2.0,2.0,0.0,2.0,1.0,320.0,0.0,2.0, [ - ]  [+: 0.0]  [-: 9.33579396939e-15] 
1.0,17.67,4.46,1.0,1.0,7.0,1.0,0.25,2.0,2.0,0.0,1.0,2.0,80.0,0.0,2.0, [ - ]  [+: 0.0]  [-: 5.08343489955e-13] 
2.0,58.42,21.0,1.0,1.0,10.0,3.0,10.0,1.0,1.0,13.0,1.0,1.0,0.0,6700.0,1.0, [ + ]  [+: 1.49942569507e-19]  [-: 0.0] 
2.0,48.17,1.335,1.0,1.0,10.0,7.0,0.335,2.0,2.0,0.0,1.0,1.0,0.0,120.0,2.0, [ + ]  [WRONG] [+: 0.0]  [-: 0.0] 
1.0,22.5,11.5,2.0,2.0,3.0,1.0,1.5,2.0,2.0,0.0,2.0,1.0,0.0,4000.0,2.0, [ + ]  [WRONG] [+: 0.0]  [-: 7.37545555396e-20] 
1.0,28.25,0.875,1.0,1.0,3.0,1.0,0.96,1.0,1.0,3.0,2.0,1.0,396.0,0.0,1.0, [ - ]  [WRONG] [+: 2.04938819557e-16]  [-: 0.0] 
1.0,21.42,0.75,2.0,2.0,4.0,9.0,0.75,2.0,2.0,0.0,2.0,1.0,132.0,2.0,2.0, [ + ]  [WRONG] [+: 0.0]  [-: 0.0] 
1.0,20.42,1.085,1.0,1.0,2.0,1.0,1.5,2.0,2.0,0.0,1.0,1.0,108.0,7.0,2.0, [ - ]  [+: 0.0]  [-: 3.37085243459e-13] 
2.0,28.58,1.665,1.0,1.0,2.0,1.0,2.415,1.0,2.0,0.0,2.0,1.0,440.0,0.0,2.0, [ - ]  [+: 0.0]  [-: 3.80888304348e-14] 
1.0,23.25,4.0,1.0,1.0,7.0,3.0,0.25,1.0,2.0,0.0,2.0,1.0,160.0,0.0,1.0, [ - ]  [WRONG] [+: 2.15903865345e-16]  [-: 0.0] 
1.0,39.58,13.915,1.0,1.0,1.0,1.0,8.625,1.0,1.0,6.0,2.0,1.0,70.0,0.0,1.0, [ + ]  [+: 2.0187404914e-16]  [-: 0.0] 
1.0,22.83,3.0,1.0,1.0,3.0,1.0,1.29,1.0,1.0,1.0,1.0,1.0,260.0,800.0,1.0, [ - ]  [WRONG] [+: 4.34424117536e-16]  [-: 0.0] 
1.0,25.08,1.71,1.0,1.0,9.0,1.0,1.665,1.0,1.0,1.0,2.0,1.0,395.0,20.0,1.0, [ - ]  [WRONG] [+: 4.87173657445e-16]  [-: 0.0] 
2.0,29.5,1.085,2.0,2.0,9.0,1.0,1.0,2.0,2.0,0.0,1.0,1.0,280.0,13.0,2.0, [ - ]  [+: 0.0]  [-: 3.46382392779e-13] 
2.0,15.83,7.625,1.0,1.0,2.0,1.0,0.125,2.0,1.0,1.0,2.0,1.0,0.0,160.0,2.0, [ - ]  [+: 0.0]  [-: 3.27034308408e-14] 
2.0,19.75,0.75,1.0,1.0,7.0,1.0,0.795,1.0,1.0,5.0,2.0,1.0,140.0,5.0,2.0, [ - ]  [+: 0.0]  [-: 1.70531454315e-15] 
2.0,24.75,12.5,1.0,1.0,12.0,1.0,1.5,1.0,1.0,12.0,2.0,1.0,120.0,567.0,1.0, [ + ]  [+: 1.97227400975e-16]  [-: 0.0] 
1.0,42.75,3.0,1.0,1.0,10.0,3.0,1.0,1.0,2.0,0.0,1.0,1.0,0.0,200.0,2.0, [ - ]  [+: 0.0]  [-: 7.79349065146e-14] 
2.0,25.75,0.5,1.0,1.0,7.0,2.0,0.875,1.0,2.0,0.0,2.0,1.0,491.0,0.0,1.0, [ - ]  [WRONG] [+: 3.41475253925e-17]  [-: 0.0] 
1.0,20.67,1.25,2.0,2.0,7.0,2.0,1.375,1.0,1.0,3.0,2.0,1.0,140.0,210.0,2.0, [ - ]  [+: 0.0]  [-: 2.93773578868e-14] 
1.0,34.83,4.0,1.0,1.0,8.0,3.0,12.5,1.0,2.0,0.0,2.0,1.0,184.014771049,0.0,2.0, [ + ]  [WRONG] [+: 0.0]  [-: 5.04151206421e-19] 
2.0,58.33,10.0,1.0,1.0,2.0,1.0,4.0,1.0,1.0,14.0,1.0,1.0,0.0,1602.0,1.0, [ + ]  [+: 4.72380089418e-17]  [-: 0.0] 
2.0,31.5681710914,1.5,1.0,1.0,13.0,4.0,0.0,2.0,1.0,2.0,2.0,1.0,200.0,105.0,2.0, [ - ]  [+: 0.0]  [-: 5.54627055098e-13] 
1.0,19.0,0.0,2.0,2.0,13.0,4.0,0.0,2.0,1.0,4.0,1.0,1.0,45.0,1.0,2.0, [ - ]  [+: 0.0]  [-: 6.21813735002e-14] 
1.0,27.67,2.0,1.0,1.0,9.0,2.0,1.0,1.0,1.0,4.0,1.0,1.0,140.0,7544.0,1.0, [ + ]  [+: 1.96959684146e-15]  [-: 0.0] 
1.0,19.42,1.5,2.0,2.0,5.0,1.0,2.0,1.0,2.0,0.0,2.0,1.0,100.0,20.0,2.0, [ - ]  [+: 0.0]  [-: 9.62961782142e-14] 
2.0,19.58,0.665,2.0,2.0,7.0,1.0,1.0,2.0,1.0,1.0,1.0,1.0,2000.0,2.0,2.0, [ - ]  [+: 0.0]  [-: 6.01720821949e-42] 
2.0,20.5,11.835,1.0,1.0,7.0,2.0,6.0,1.0,2.0,0.0,1.0,1.0,340.0,0.0,1.0, [ - ]  [WRONG] [+: 8.70400806851e-17]  [-: 0.0] 
1.0,63.33,0.54,1.0,1.0,7.0,1.0,0.585,1.0,1.0,3.0,2.0,1.0,180.0,0.0,2.0, [ - ]  [+: 0.0]  [-: 8.92417725e-17] 
2.0,20.42,0.835,1.0,1.0,2.0,1.0,1.585,1.0,1.0,1.0,1.0,1.0,0.0,0.0,1.0, [ - ]  [WRONG] [+: 3.49844065107e-16]  [-: 0.0] 
2.0,24.92,1.25,1.0,1.0,13.0,4.0,0.0,1.0,2.0,0.0,1.0,1.0,80.0,0.0,2.0, [ - ]  [+: 0.0]  [-: 2.99338272049e-13] 
1.0,59.67,1.54,1.0,1.0,2.0,1.0,0.125,1.0,2.0,0.0,2.0,1.0,260.0,0.0,1.0, [ - ]  [WRONG] [+: 3.12925228324e-17]  [-: 0.0] 
1.0,21.58,0.79,2.0,2.0,5.0,1.0,0.665,2.0,2.0,0.0,1.0,1.0,160.0,0.0,2.0, [ - ]  [+: 0.0]  [-: 5.41734745465e-13] 
1.0,26.25,1.54,1.0,1.0,1.0,1.0,0.125,2.0,2.0,0.0,1.0,1.0,100.0,0.0,2.0, [ - ]  [+: 0.0]  [-: 5.87985893535e-13] 
1.0,21.25,1.5,1.0,1.0,1.0,1.0,1.5,2.0,2.0,0.0,1.0,1.0,150.0,8.0,1.0, [ - ]  [WRONG] [+: 1.86385232493e-17]  [-: 0.0] 
1.0,33.17,1.04,1.0,1.0,4.0,2.0,6.5,1.0,2.0,0.0,2.0,1.0,164.0,31285.0,1.0, [ + ]  [+: 1.59310044937e-18]  [-: 0.0] 
1.0,19.58,0.585,1.0,1.0,13.0,4.0,0.0,2.0,1.0,3.0,1.0,1.0,350.0,769.0,2.0, [ - ]  [+: 0.0]  [-: 7.00149820874e-14] 
1.0,64.08,20.0,1.0,1.0,9.0,2.0,17.5,1.0,1.0,9.0,2.0,1.0,0.0,1000.0,1.0, [ + ]  [+: 1.83315926501e-20]  [-: 0.0] 
1.0,22.0,7.835,2.0,2.0,10.0,3.0,0.165,2.0,2.0,0.0,2.0,1.0,184.014771049,0.0,2.0, [ - ]  [+: 0.0]  [-: 1.38614975504e-12] 
1.0,19.17,4.0,2.0,2.0,10.0,1.0,1.0,2.0,2.0,0.0,2.0,1.0,360.0,1000.0,2.0, [ - ]  [+: 0.0]  [-: 5.4280403712e-13] 
1.0,39.25,9.5,1.0,1.0,3.0,1.0,6.5,1.0,1.0,14.0,1.0,1.0,240.0,4607.0,1.0, [ + ]  [+: 2.01890638429e-16]  [-: 0.0] 
1.0,19.5,0.29,1.0,1.0,6.0,1.0,0.29,2.0,2.0,0.0,1.0,1.0,280.0,364.0,2.0, [ - ]  [+: 0.0]  [-: 4.56140751472e-13] 
1.0,16.0,3.125,1.0,1.0,1.0,1.0,0.085,2.0,1.0,1.0,1.0,1.0,0.0,6.0,2.0, [ - ]  [+: 0.0]  [-: 6.18571767902e-14] 
1.0,76.75,22.29,1.0,1.0,11.0,6.0,12.75,1.0,1.0,1.0,2.0,1.0,0.0,109.0,1.0, [ + ]  [+: 6.75939039312e-21]  [-: 0.0] 
2.0,27.67,2.04,1.0,1.0,1.0,1.0,0.25,2.0,2.0,0.0,2.0,1.0,180.0,50.0,2.0, [ - ]  [+: 0.0]  [-: 7.70461964895e-13] 
1.0,25.0,12.5,1.0,1.0,12.0,1.0,3.0,1.0,2.0,0.0,2.0,2.0,20.0,0.0,1.0, [ - ]  [WRONG] [+: 4.20472070582e-17]  [-: 0.0] 
2.0,32.0,6.0,1.0,1.0,8.0,1.0,1.25,2.0,2.0,0.0,1.0,1.0,272.0,0.0,2.0, [ - ]  [+: 0.0]  [-: 1.18017302302e-12] 
1.0,80.25,5.5,1.0,1.0,7.0,1.0,0.54,1.0,2.0,0.0,1.0,1.0,0.0,340.0,2.0, [ - ]  [+: 0.0]  [-: 2.44967404583e-19] 
1.0,43.17,2.25,1.0,1.0,10.0,3.0,0.75,1.0,2.0,0.0,1.0,1.0,560.0,0.0,2.0, [ - ]  [+: 0.0]  [-: 9.14259677539e-15] 
1.0,35.25,3.165,1.0,1.0,9.0,2.0,3.75,1.0,2.0,0.0,2.0,1.0,680.0,0.0,2.0, [ - ]  [+: 0.0]  [-: 1.37465156745e-16] 
1.0,17.08,0.25,1.0,1.0,2.0,1.0,0.335,2.0,1.0,4.0,1.0,1.0,160.0,8.0,2.0, [ - ]  [+: 0.0]  [-: 1.21943954221e-14] 
2.0,47.25,0.75,1.0,1.0,2.0,2.0,2.75,1.0,1.0,1.0,1.0,1.0,333.0,892.0,1.0, [ - ]  [WRONG] [+: 5.29935480544e-16]  [-: 0.0] 
1.0,20.0,1.25,2.0,2.0,6.0,1.0,0.125,2.0,2.0,0.0,1.0,1.0,140.0,4.0,2.0, [ - ]  [+: 0.0]  [-: 1.18254256589e-12] 
2.0,46.08,3.0,1.0,1.0,7.0,1.0,2.375,1.0,1.0,8.0,2.0,1.0,396.0,4159.0,1.0, [ + ]  [+: 2.439750552e-16]  [-: 0.0] 
1.0,24.42,2.0,1.0,1.0,11.0,8.0,0.165,2.0,1.0,2.0,1.0,1.0,320.0,1300.0,2.0, [ - ]  [+: 0.0]  [-: 3.66934020401e-14] 
2.0,22.42,11.25,2.0,2.0,9.0,2.0,0.75,1.0,1.0,4.0,1.0,1.0,0.0,321.0,1.0, [ - ]  [WRONG] [+: 2.55783176682e-16]  [-: 0.0] 
1.0,48.5,4.25,1.0,1.0,3.0,1.0,0.125,1.0,2.0,0.0,2.0,1.0,225.0,0.0,1.0, [ - ]  [WRONG] [+: 1.08974349077e-16]  [-: 0.0] 
1.0,32.75,2.335,1.0,1.0,8.0,2.0,5.75,2.0,2.0,0.0,2.0,1.0,292.0,0.0,2.0, [ - ]  [+: 0.0]  [-: 8.71910607804e-14] 
1.0,36.67,2.0,1.0,1.0,10.0,1.0,0.25,2.0,2.0,0.0,2.0,1.0,221.0,0.0,2.0, [ - ]  [+: 0.0]  [-: 9.74392517168e-13] 
1.0,23.5,3.165,2.0,2.0,6.0,1.0,0.415,2.0,1.0,1.0,2.0,1.0,280.0,80.0,2.0, [ - ]  [+: 0.0]  [-: 7.33339776922e-13] 
1.0,27.25,1.585,1.0,1.0,5.0,2.0,1.835,1.0,1.0,12.0,2.0,1.0,583.0,713.0,1.0, [ + ]  [+: 4.00281654175e-17]  [-: 0.0] 
1.0,37.33,6.5,1.0,1.0,3.0,2.0,4.25,1.0,1.0,12.0,2.0,1.0,93.0,0.0,1.0, [ + ]  [+: 7.71094170598e-16]  [-: 0.0] 
1.0,42.83,4.625,1.0,1.0,2.0,1.0,4.58,1.0,2.0,0.0,1.0,2.0,0.0,0.0,1.0, [ - ]  [WRONG] [+: 1.28064421276e-16]  [-: 0.0] 
1.0,32.25,0.165,2.0,2.0,7.0,2.0,3.25,1.0,1.0,1.0,2.0,1.0,432.0,8000.0,1.0, [ + ]  [+: 6.9986243259e-17]  [-: 0.0] 
1.0,27.83,1.5,1.0,1.0,1.0,1.0,2.0,1.0,1.0,11.0,2.0,1.0,434.0,35.0,1.0, [ + ]  [+: 1.62178169473e-16]  [-: 0.0] 
1.0,54.33,6.75,1.0,1.0,7.0,2.0,2.625,1.0,1.0,11.0,2.0,1.0,0.0,284.0,1.0, [ + ]  [+: 2.01908255061e-16]  [-: 0.0] 
2.0,18.83,9.5,1.0,1.0,1.0,1.0,1.625,1.0,1.0,6.0,2.0,1.0,40.0,600.0,1.0, [ + ]  [+: 4.55798731399e-16]  [-: 0.0] 
1.0,29.83,3.5,1.0,1.0,7.0,1.0,0.165,2.0,2.0,0.0,1.0,1.0,216.0,0.0,2.0, [ - ]  [+: 0.0]  [-: 9.7261042641e-13] 
1.0,69.17,9.0,1.0,1.0,13.0,4.0,4.0,2.0,1.0,1.0,1.0,1.0,70.0,6.0,2.0, [ - ]  [+: 0.0]  [-: 6.68676417349e-17] 
1.0,22.92,3.165,2.0,2.0,7.0,1.0,0.165,2.0,2.0,0.0,1.0,1.0,160.0,1058.0,2.0, [ - ]  [+: 0.0]  [-: 7.37491320107e-13] 
1.0,22.25,0.46,1.0,1.0,6.0,1.0,0.125,2.0,2.0,0.0,2.0,1.0,280.0,55.0,2.0, [ - ]  [+: 0.0]  [-: 5.61457993643e-13] 
1.0,18.17,2.46,1.0,1.0,7.0,9.0,0.96,2.0,1.0,2.0,2.0,1.0,160.0,587.0,2.0, [ + ]  [WRONG] [+: 0.0]  [-: 0.0] 
2.0,40.83,10.0,1.0,1.0,2.0,2.0,1.75,1.0,2.0,0.0,1.0,1.0,29.0,837.0,1.0, [ - ]  [WRONG] [+: 3.50528601563e-16]  [-: 0.0] 
1.0,33.67,1.25,1.0,1.0,1.0,1.0,1.165,2.0,2.0,0.0,1.0,1.0,120.0,0.0,2.0, [ - ]  [+: 0.0]  [-: 6.8686138307e-13] 
1.0,28.58,3.625,1.0,1.0,12.0,1.0,0.25,2.0,2.0,0.0,2.0,1.0,100.0,0.0,2.0, [ - ]  [+: 0.0]  [-: 9.76461899515e-13] 
2.0,37.33,2.5,1.0,1.0,10.0,2.0,0.21,2.0,2.0,0.0,1.0,1.0,260.0,246.0,2.0, [ - ]  [+: 0.0]  [-: 6.35617470148e-13] 
2.0,30.25,5.5,1.0,1.0,6.0,1.0,5.5,2.0,2.0,0.0,2.0,2.0,100.0,0.0,2.0, [ - ]  [+: 0.0]  [-: 2.23579307982e-13] 
2.0,58.67,4.46,1.0,1.0,2.0,2.0,3.04,1.0,1.0,6.0,1.0,1.0,43.0,560.0,1.0, [ + ]  [+: 2.83306088949e-16]  [-: 0.0] 
1.0,24.5,12.75,1.0,1.0,7.0,3.0,4.75,1.0,1.0,2.0,1.0,1.0,73.0,444.0,1.0, [ - ]  [WRONG] [+: 3.68358613859e-16]  [-: 0.0] 
2.0,21.92,11.665,1.0,1.0,6.0,2.0,0.085,2.0,2.0,0.0,1.0,1.0,320.0,5.0,2.0, [ - ]  [+: 0.0]  [-: 9.1002648692e-14] 
2.0,18.92,9.25,2.0,2.0,7.0,1.0,1.0,1.0,1.0,4.0,2.0,1.0,80.0,500.0,1.0, [ - ]  [WRONG] [+: 1.4703880924e-16]  [-: 0.0] 
2.0,36.75,4.71,1.0,1.0,13.0,4.0,0.0,2.0,2.0,0.0,1.0,1.0,160.0,0.0,2.0, [ - ]  [+: 0.0]  [-: 1.65008126324e-12] 
1.0,43.25,3.0,1.0,1.0,2.0,2.0,6.0,1.0,1.0,11.0,1.0,1.0,80.0,0.0,1.0, [ + ]  [+: 8.63050349831e-16]  [-: 0.0] 
2.0,24.08,0.5,1.0,1.0,2.0,2.0,1.25,1.0,1.0,1.0,1.0,1.0,0.0,678.0,1.0, [ - ]  [WRONG] [+: 6.20558932442e-16]  [-: 0.0] 
2.0,19.17,8.585,1.0,1.0,5.0,2.0,0.75,1.0,1.0,7.0,1.0,1.0,96.0,0.0,1.0, [ + ]  [+: 1.09661607392e-15]  [-: 0.0] 
2.0,19.5,0.165,1.0,1.0,2.0,1.0,0.04,2.0,2.0,0.0,2.0,1.0,380.0,0.0,2.0, [ - ]  [+: 0.0]  [-: 1.21462660083e-13] 
2.0,20.42,10.5,2.0,2.0,9.0,2.0,0.0,2.0,2.0,0.0,2.0,1.0,154.0,32.0,2.0, [ - ]  [+: 0.0]  [-: 5.58545713335e-14] 
2.0,47.0,13.0,1.0,1.0,10.0,3.0,5.165,1.0,1.0,9.0,2.0,1.0,0.0,0.0,1.0, [ + ]  [+: 7.42759159402e-17]  [-: 0.0] 
2.0,22.25,1.25,2.0,2.0,13.0,4.0,3.25,2.0,2.0,0.0,1.0,1.0,280.0,0.0,2.0, [ - ]  [+: 0.0]  [-: 1.88703920183e-12] 
1.0,34.17,2.75,1.0,1.0,10.0,3.0,2.5,2.0,2.0,0.0,2.0,1.0,232.0,200.0,2.0, [ - ]  [+: 0.0]  [-: 1.18992499035e-12] 
1.0,27.67,0.75,1.0,1.0,2.0,2.0,0.165,2.0,2.0,0.0,2.0,1.0,220.0,251.0,2.0, [ - ]  [+: 0.0]  [-: 3.23590735013e-13] 
1.0,28.25,5.125,1.0,1.0,9.0,1.0,4.75,1.0,1.0,2.0,1.0,1.0,420.0,7.0,1.0, [ - ]  [WRONG] [+: 6.17111649428e-16]  [-: 0.0] 
1.0,55.92,11.5,1.0,1.0,13.0,4.0,5.0,1.0,1.0,5.0,1.0,1.0,0.0,8851.0,1.0, [ + ]  [+: 7.23158542893e-18]  [-: 0.0] 
2.0,46.67,0.46,1.0,1.0,5.0,2.0,0.415,1.0,1.0,11.0,2.0,1.0,440.0,6.0,1.0, [ + ]  [+: 1.47500095273e-16]  [-: 0.0] 
1.0,39.92,5.0,1.0,1.0,10.0,3.0,0.21,2.0,2.0,0.0,1.0,1.0,550.0,0.0,2.0, [ - ]  [+: 0.0]  [-: 6.24254161842e-14] 
1.0,23.08,11.5,1.0,1.0,10.0,1.0,3.5,1.0,1.0,9.0,1.0,1.0,56.0,742.0,1.0, [ + ]  [+: 1.79445161853e-16]  [-: 0.0] 
1.0,29.67,0.75,2.0,2.0,7.0,1.0,0.04,2.0,2.0,0.0,1.0,1.0,240.0,0.0,2.0, [ - ]  [+: 0.0]  [-: 1.41774054126e-12] 
1.0,30.67,2.5,1.0,1.0,5.0,2.0,2.25,2.0,2.0,0.0,2.0,2.0,340.0,0.0,2.0, [ - ]  [+: 0.0]  [-: 2.54983195331e-13] 
1.0,21.92,0.5,1.0,1.0,7.0,1.0,0.125,2.0,2.0,0.0,1.0,1.0,360.0,0.0,2.0, [ - ]  [+: 0.0]  [-: 2.99623735746e-13] 
1.0,18.17,10.25,1.0,1.0,7.0,2.0,1.085,2.0,2.0,0.0,1.0,1.0,320.0,13.0,2.0, [ - ]  [+: 0.0]  [-: 9.86815361559e-14] 
1.0,16.25,0.0,2.0,2.0,12.0,1.0,0.25,2.0,2.0,0.0,1.0,1.0,60.0,0.0,2.0, [ - ]  [+: 0.0]  [-: 4.53715824771e-13] 
1.0,62.75,7.0,1.0,1.0,11.0,6.0,0.0,2.0,2.0,0.0,1.0,1.0,0.0,12.0,2.0, [ + ]  [WRONG] [+: 0.0]  [-: 0.0] 
1.0,32.25,1.5,1.0,1.0,7.0,1.0,0.25,2.0,2.0,0.0,2.0,1.0,372.0,122.0,2.0, [ - ]  [+: 0.0]  [-: 4.34779145199e-13] 
1.0,18.83,0.415,2.0,2.0,7.0,1.0,0.165,2.0,1.0,1.0,1.0,1.0,200.0,1.0,2.0, [ - ]  [+: 0.0]  [-: 3.22389314531e-13] 
1.0,27.75,1.29,1.0,1.0,6.0,2.0,0.25,2.0,2.0,0.0,2.0,2.0,140.0,0.0,2.0, [ - ]  [+: 0.0]  [-: 8.53990259889e-13] 
1.0,26.67,4.25,1.0,1.0,5.0,1.0,4.29,1.0,1.0,1.0,2.0,1.0,120.0,0.0,1.0, [ - ]  [WRONG] [+: 1.63712556612e-15]  [-: 0.0] 
2.0,22.42,5.665,1.0,1.0,2.0,1.0,2.585,1.0,1.0,7.0,1.0,1.0,129.0,3257.0,1.0, [ + ]  [+: 1.22759965422e-15]  [-: 0.0] 
1.0,39.5,4.25,1.0,1.0,7.0,3.0,6.5,1.0,1.0,16.0,1.0,1.0,117.0,1210.0,1.0, [ + ]  [+: 2.12389644769e-16]  [-: 0.0] 
1.0,23.08,2.5,1.0,1.0,7.0,1.0,1.085,1.0,1.0,11.0,2.0,1.0,60.0,2184.0,1.0, [ + ]  [+: 3.93992560193e-16]  [-: 0.0] 
1.0,31.5681710914,0.625,1.0,1.0,6.0,1.0,0.25,2.0,2.0,0.0,1.0,1.0,380.0,2010.0,2.0, [ - ]  [+: 0.0]  [-: 1.61419132211e-14] 
1.0,26.67,2.71,2.0,2.0,5.0,1.0,5.25,1.0,1.0,1.0,1.0,1.0,211.0,0.0,1.0, [ - ]  [WRONG] [+: 4.04731769756e-16]  [-: 0.0] 
2.0,23.5,9.0,1.0,1.0,2.0,1.0,8.5,1.0,1.0,5.0,2.0,1.0,120.0,0.0,1.0, [ + ]  [+: 6.16086001341e-16]  [-: 0.0] 
1.0,23.17,11.125,1.0,1.0,9.0,2.0,0.46,1.0,1.0,1.0,1.0,1.0,100.0,0.0,1.0, [ - ]  [WRONG] [+: 1.11365492549e-15]  [-: 0.0] 
1.0,54.83,15.5,1.0,1.0,11.0,6.0,0.0,1.0,1.0,20.0,1.0,1.0,152.0,130.0,2.0, [ + ]  [WRONG] [+: 0.0]  [-: 0.0] 
1.0,34.92,5.0,1.0,1.0,9.0,2.0,7.5,1.0,1.0,6.0,2.0,1.0,0.0,1000.0,1.0, [ + ]  [+: 1.56597102704e-15]  [-: 0.0] 
2.0,31.5681710914,3.5,1.0,1.0,8.0,1.0,3.0,1.0,2.0,0.0,2.0,1.0,300.0,0.0,2.0, [ - ]  [+: 0.0]  [-: 2.00815246449e-13] 
2.0,28.17,0.375,1.0,1.0,2.0,1.0,0.585,1.0,1.0,4.0,1.0,1.0,80.0,0.0,1.0, [ - ]  [WRONG] [+: 7.69521386306e-16]  [-: 0.0] 
1.0,31.5681710914,0.04,2.0,2.0,8.0,1.0,4.25,2.0,2.0,0.0,2.0,1.0,460.0,0.0,2.0, [ - ]  [+: 0.0]  [-: 1.84196015831e-13] 
1.0,13.75,4.0,2.0,2.0,1.0,1.0,1.75,1.0,1.0,2.0,2.0,1.0,120.0,1000.0,1.0, [ - ]  [WRONG] [+: 1.20609968207e-16]  [-: 0.0] 
1.0,33.58,0.335,2.0,2.0,5.0,1.0,0.085,2.0,2.0,0.0,1.0,1.0,180.0,0.0,2.0, [ - ]  [+: 0.0]  [-: 5.93298479908e-13] 
1.0,24.33,6.625,2.0,2.0,8.0,1.0,5.5,1.0,2.0,0.0,2.0,2.0,100.0,0.0,1.0, [ - ]  [WRONG] [+: 2.52573776923e-17]  [-: 0.0] 
1.0,27.0,0.75,1.0,1.0,7.0,2.0,4.25,1.0,1.0,3.0,2.0,1.0,312.0,150.0,1.0, [ - ]  [WRONG] [+: 7.75881471754e-16]  [-: 0.0] 
2.0,22.5,8.46,2.0,2.0,9.0,1.0,2.46,2.0,2.0,0.0,1.0,1.0,164.0,0.0,1.0, [ - ]  [WRONG] [+: 1.46251063684e-17]  [-: 0.0] 
2.0,52.83,15.0,1.0,1.0,7.0,1.0,5.5,1.0,1.0,14.0,1.0,1.0,0.0,2200.0,1.0, [ + ]  [+: 2.16534934377e-17]  [-: 0.0] 
2.0,30.42,1.375,1.0,1.0,1.0,2.0,0.04,2.0,1.0,3.0,1.0,1.0,0.0,33.0,2.0, [ - ]  [+: 0.0]  [-: 3.50252625326e-14] 
1.0,32.08,4.0,2.0,2.0,5.0,1.0,1.5,2.0,2.0,0.0,2.0,1.0,120.0,0.0,2.0, [ - ]  [+: 0.0]  [-: 8.75187267391e-13] 
1.0,20.0,0.0,1.0,1.0,8.0,1.0,0.5,2.0,2.0,0.0,1.0,1.0,144.0,0.0,2.0, [ - ]  [+: 0.0]  [-: 5.64775479984e-13] 
1.0,26.75,1.125,1.0,1.0,9.0,2.0,1.25,1.0,2.0,0.0,1.0,1.0,0.0,5298.0,1.0, [ + ]  [+: 3.37880365272e-16]  [-: 0.0] 
1.0,22.08,11.0,1.0,1.0,5.0,1.0,0.665,1.0,2.0,0.0,1.0,1.0,100.0,0.0,1.0, [ - ]  [WRONG] [+: 2.08260348165e-16]  [-: 0.0] 
1.0,22.92,0.17,1.0,1.0,3.0,1.0,0.085,2.0,2.0,0.0,1.0,2.0,0.0,0.0,2.0, [ - ]  [+: 0.0]  [-: 4.0758117067e-13] 
1.0,27.75,0.585,2.0,2.0,5.0,1.0,0.25,1.0,1.0,2.0,1.0,1.0,260.0,500.0,1.0, [ - ]  [WRONG] [+: 2.49725328958e-16]  [-: 0.0] 
2.0,23.42,0.79,2.0,2.0,2.0,1.0,1.5,1.0,1.0,2.0,2.0,1.0,80.0,400.0,1.0, [ - ]  [WRONG] [+: 2.28852994702e-16]  [-: 0.0] 
1.0,74.83,19.0,2.0,2.0,13.0,4.0,0.04,2.0,1.0,2.0,1.0,1.0,0.0,351.0,2.0, [ - ]  [+: 0.0]  [-: 5.81839037277e-20] 
1.0,35.25,16.5,2.0,2.0,7.0,1.0,4.0,1.0,2.0,0.0,1.0,1.0,80.0,0.0,2.0, [ - ]  [+: 0.0]  [-: 2.88626940646e-15] 
1.0,44.33,0.5,1.0,1.0,10.0,2.0,5.0,1.0,2.0,0.0,2.0,1.0,320.0,0.0,1.0, [ - ]  [WRONG] [+: 7.47587703457e-17]  [-: 0.0] 
1.0,41.75,0.96,1.0,1.0,9.0,1.0,2.5,1.0,2.0,0.0,1.0,1.0,510.0,600.0,1.0, [ - ]  [WRONG] [+: 4.16335438993e-17]  [-: 0.0] 
1.0,27.25,1.665,1.0,1.0,5.0,2.0,5.085,1.0,1.0,9.0,1.0,1.0,399.0,827.0,1.0, [ + ]  [+: 5.87214121167e-16]  [-: 0.0] 
