1.0,22.25,0.46,1.0,1.0,6.0,1.0,0.125,2.0,2.0,0.0,2.0,1.0,280.0,55.0,2.0, [ - ]  [+: 0.0]  [-: 3.04755479113e-13] 
1.0,37.75,7.0,1.0,1.0,2.0,2.0,11.5,1.0,1.0,7.0,2.0,1.0,300.0,5.0,2.0, [ + ]  [WRONG] [+: 0.0]  [-: 6.48232595377e-21] 
2.0,20.08,1.25,1.0,1.0,7.0,1.0,0.0,2.0,2.0,0.0,1.0,1.0,0.0,0.0,2.0, [ - ]  [+: 0.0]  [-: 1.32974369265e-13] 
1.0,29.42,1.25,1.0,1.0,7.0,2.0,0.25,2.0,1.0,2.0,2.0,1.0,400.0,108.0,2.0, [ - ]  [+: 0.0]  [-: 4.84765492953e-14] 
1.0,35.17,2.5,1.0,1.0,6.0,1.0,4.5,1.0,1.0,7.0,1.0,1.0,150.0,1270.0,1.0, [ + ]  [+: 8.9047610539e-16]  [-: 0.0] 
1.0,19.42,7.25,1.0,1.0,3.0,1.0,0.04,2.0,1.0,1.0,1.0,1.0,100.0,1.0,2.0, [ - ]  [+: 0.0]  [-: 7.40129222217e-14] 
2.0,41.33,1.0,1.0,1.0,10.0,3.0,2.25,1.0,2.0,0.0,2.0,1.0,0.0,300.0,1.0, [ - ]  [WRONG] [+: 9.82553699823e-17]  [-: 0.0] 
1.0,48.25,25.085,1.0,1.0,1.0,1.0,1.75,1.0,1.0,3.0,1.0,1.0,120.0,14.0,1.0, [ + ]  [+: 2.60135964046e-18]  [-: 0.0] 
1.0,20.25,9.96,1.0,1.0,11.0,8.0,0.0,1.0,2.0,0.0,1.0,1.0,0.0,0.0,1.0, [ - ]  [WRONG] [+: 1.0091294001e-16]  [-: 0.0] 
1.0,34.17,2.75,1.0,1.0,10.0,3.0,2.5,2.0,2.0,0.0,2.0,1.0,232.0,200.0,2.0, [ - ]  [+: 0.0]  [-: 6.08775822823e-13] 
2.0,24.75,3.0,1.0,1.0,2.0,2.0,1.835,1.0,1.0,19.0,1.0,1.0,0.0,500.0,1.0, [ + ]  [+: 1.28886970158e-16]  [-: 0.0] 
1.0,18.83,0.415,2.0,2.0,7.0,1.0,0.165,2.0,1.0,1.0,1.0,1.0,200.0,1.0,2.0, [ - ]  [+: 0.0]  [-: 1.72878075163e-13] 
2.0,52.17,0.0,2.0,2.0,13.0,4.0,0.0,2.0,2.0,0.0,1.0,1.0,0.0,0.0,2.0, [ - ]  [+: 0.0]  [-: 1.20742714456e-13] 
1.0,20.17,8.17,1.0,1.0,12.0,1.0,1.96,1.0,1.0,14.0,1.0,1.0,60.0,158.0,1.0, [ + ]  [+: 2.2503625807e-16]  [-: 0.0] 
2.0,23.25,5.875,1.0,1.0,2.0,1.0,3.17,1.0,1.0,10.0,1.0,1.0,120.0,245.0,1.0, [ + ]  [+: 1.40528150893e-15]  [-: 0.0] 
1.0,24.5,12.75,1.0,1.0,7.0,3.0,4.75,1.0,1.0,2.0,1.0,1.0,73.0,444.0,1.0, [ - ]  [WRONG] [+: 5.46692734601e-16]  [-: 0.0] 
1.0,31.83,2.5,1.0,1.0,12.0,1.0,7.5,1.0,2.0,0.0,2.0,1.0,523.0,0.0,2.0, [ - ]  [+: 0.0]  [-: 9.49610209334e-16] 
2.0,22.75,6.165,1.0,1.0,12.0,1.0,0.165,2.0,2.0,0.0,1.0,1.0,220.0,1000.0,2.0, [ - ]  [+: 0.0]  [-: 2.24814013178e-13] 
2.0,16.0,0.165,1.0,1.0,12.0,1.0,1.0,2.0,1.0,2.0,2.0,1.0,320.0,1.0,2.0, [ - ]  [+: 0.0]  [-: 4.44279523279e-14] 
1.0,42.75,3.0,1.0,1.0,10.0,3.0,1.0,1.0,2.0,0.0,1.0,1.0,0.0,200.0,2.0, [ - ]  [+: 0.0]  [-: 5.2579812175e-14] 
1.0,39.33,5.875,1.0,1.0,5.0,2.0,10.0,1.0,1.0,14.0,2.0,1.0,399.0,0.0,1.0, [ + ]  [+: 1.16182855684e-16]  [-: 0.0] 
2.0,46.0,4.0,1.0,1.0,14.0,5.0,0.0,1.0,2.0,0.0,1.0,1.0,100.0,960.0,1.0, [ - ]  [WRONG] [+: 1.07674335422e-16]  [-: 0.0] 
2.0,71.58,0.0,1.0,1.0,7.0,1.0,0.0,2.0,2.0,0.0,1.0,3.0,184.014771049,0.0,1.0, [ - ]  [WRONG] [+: 4.36351732265e-19]  [-: 0.0] 
1.0,13.75,4.0,2.0,2.0,1.0,1.0,1.75,1.0,1.0,2.0,2.0,1.0,120.0,1000.0,1.0, [ - ]  [WRONG] [+: 1.51744046322e-16]  [-: 0.0] 
1.0,39.17,1.71,1.0,1.0,9.0,1.0,0.125,1.0,1.0,5.0,2.0,1.0,480.0,0.0,1.0, [ - ]  [WRONG] [+: 2.13508969229e-16]  [-: 0.0] 
1.0,32.25,1.5,1.0,1.0,7.0,1.0,0.25,2.0,2.0,0.0,2.0,1.0,372.0,122.0,2.0, [ - ]  [+: 0.0]  [-: 2.51020480653e-13] 
2.0,18.83,9.5,1.0,1.0,1.0,1.0,1.625,1.0,1.0,6.0,2.0,1.0,40.0,600.0,1.0, [ + ]  [+: 7.32543112306e-16]  [-: 0.0] 
2.0,22.67,7.0,1.0,1.0,7.0,1.0,0.165,2.0,2.0,0.0,1.0,1.0,160.0,0.0,2.0, [ - ]  [+: 0.0]  [-: 2.69509473971e-13] 
2.0,33.08,1.625,1.0,1.0,8.0,1.0,0.54,2.0,2.0,0.0,2.0,1.0,0.0,0.0,2.0, [ - ]  [+: 0.0]  [-: 3.28893399725e-13] 
2.0,21.75,1.75,2.0,2.0,14.0,5.0,0.0,2.0,2.0,0.0,1.0,1.0,160.0,0.0,2.0, [ - ]  [+: 0.0]  [-: 1.05265874285e-12] 
1.0,22.0,0.79,1.0,1.0,1.0,1.0,0.29,2.0,1.0,1.0,1.0,1.0,420.0,283.0,2.0, [ - ]  [+: 0.0]  [-: 4.89060411282e-14] 
2.0,46.08,3.0,1.0,1.0,7.0,1.0,2.375,1.0,1.0,8.0,2.0,1.0,396.0,4159.0,1.0, [ + ]  [+: 3.21897924789e-16]  [-: 0.0] 
1.0,33.0,2.5,2.0,2.0,1.0,1.0,7.0,2.0,2.0,0.0,2.0,1.0,280.0,0.0,2.0, [ - ]  [+: 0.0]  [-: 4.4865216549e-14] 
1.0,20.0,0.0,1.0,1.0,8.0,1.0,0.5,2.0,2.0,0.0,1.0,1.0,144.0,0.0,2.0, [ - ]  [+: 0.0]  [-: 2.99706576973e-13] 
1.0,21.33,7.5,1.0,1.0,12.0,1.0,1.415,1.0,1.0,1.0,1.0,1.0,80.0,9800.0,1.0, [ + ]  [+: 4.39098101907e-16]  [-: 0.0] 
1.0,57.42,8.5,1.0,1.0,11.0,2.0,7.0,1.0,1.0,3.0,1.0,1.0,0.0,0.0,1.0, [ + ]  [+: 2.19437316522e-16]  [-: 0.0] 
1.0,34.0,5.085,2.0,2.0,10.0,3.0,1.085,2.0,2.0,0.0,2.0,1.0,480.0,0.0,2.0, [ - ]  [+: 0.0]  [-: 5.2752392736e-13] 
1.0,18.67,5.0,1.0,1.0,2.0,1.0,0.375,1.0,1.0,2.0,1.0,1.0,0.0,38.0,2.0, [ - ]  [+: 0.0]  [-: 7.70421042533e-15] 
2.0,23.58,0.585,2.0,2.0,13.0,4.0,0.125,2.0,2.0,0.0,1.0,1.0,120.0,87.0,2.0, [ - ]  [+: 0.0]  [-: 1.49923181036e-12] 
2.0,58.42,21.0,1.0,1.0,10.0,3.0,10.0,1.0,1.0,13.0,1.0,1.0,0.0,6700.0,1.0, [ + ]  [+: 2.41837314897e-19]  [-: 0.0] 
1.0,18.42,10.415,2.0,2.0,12.0,1.0,0.125,1.0,2.0,0.0,1.0,1.0,120.0,375.0,2.0, [ - ]  [+: 0.0]  [-: 4.98781736157e-14] 
1.0,47.33,6.5,1.0,1.0,7.0,1.0,1.0,2.0,2.0,0.0,2.0,1.0,0.0,228.0,2.0, [ - ]  [+: 0.0]  [-: 6.99804727543e-14] 
2.0,19.5,0.165,1.0,1.0,2.0,1.0,0.04,2.0,2.0,0.0,2.0,1.0,380.0,0.0,2.0, [ - ]  [+: 0.0]  [-: 7.62008930081e-14] 
1.0,27.83,1.5,1.0,1.0,1.0,1.0,2.0,1.0,1.0,11.0,2.0,1.0,434.0,35.0,1.0, [ + ]  [+: 1.95623367764e-16]  [-: 0.0] 
1.0,23.25,1.5,1.0,1.0,2.0,1.0,2.375,1.0,1.0,3.0,2.0,1.0,0.0,582.0,1.0, [ - ]  [WRONG] [+: 8.77342389239e-16]  [-: 0.0] 
1.0,25.5,0.375,1.0,1.0,3.0,1.0,0.25,1.0,1.0,3.0,1.0,1.0,260.0,15108.0,1.0, [ + ]  [+: 1.78635101608e-16]  [-: 0.0] 
1.0,24.42,2.0,1.0,1.0,11.0,8.0,0.165,2.0,1.0,2.0,1.0,1.0,320.0,1300.0,2.0, [ - ]  [+: 0.0]  [-: 2.97968964434e-14] 
1.0,22.5,0.125,2.0,2.0,6.0,1.0,0.125,2.0,2.0,0.0,1.0,1.0,200.0,70.0,2.0, [ - ]  [+: 0.0]  [-: 7.95492207906e-13] 
1.0,33.17,2.25,2.0,2.0,5.0,1.0,3.5,2.0,2.0,0.0,2.0,1.0,200.0,141.0,2.0, [ - ]  [+: 0.0]  [-: 3.69404440233e-13] 
1.0,29.75,0.665,1.0,1.0,1.0,1.0,0.25,2.0,2.0,0.0,2.0,1.0,300.0,0.0,2.0, [ - ]  [+: 0.0]  [-: 2.45432332713e-13] 
2.0,27.42,14.5,1.0,1.0,9.0,2.0,3.085,1.0,1.0,1.0,1.0,1.0,120.0,11.0,1.0, [ + ]  [+: 1.08751724289e-15]  [-: 0.0] 
1.0,31.58,0.75,2.0,2.0,12.0,1.0,3.5,2.0,2.0,0.0,2.0,1.0,320.0,0.0,2.0, [ - ]  [+: 0.0]  [-: 5.79698714175e-13] 
2.0,19.58,0.665,2.0,2.0,7.0,1.0,1.0,2.0,1.0,1.0,1.0,1.0,2000.0,2.0,2.0, [ - ]  [+: 0.0]  [-: 8.89673592485e-33] 
1.0,34.92,2.5,1.0,1.0,1.0,1.0,0.0,1.0,2.0,0.0,2.0,1.0,239.0,200.0,1.0, [ - ]  [WRONG] [+: 3.65766797451e-16]  [-: 0.0] 
2.0,50.08,12.54,1.0,1.0,12.0,1.0,2.29,1.0,1.0,3.0,2.0,1.0,156.0,0.0,1.0, [ - ]  [WRONG] [+: 3.40916198328e-16]  [-: 0.0] 
1.0,59.5,2.75,1.0,1.0,1.0,1.0,1.75,1.0,1.0,5.0,2.0,1.0,60.0,58.0,1.0, [ + ]  [+: 2.21272362205e-16]  [-: 0.0] 
1.0,34.67,1.08,1.0,1.0,3.0,1.0,1.165,2.0,2.0,0.0,1.0,2.0,28.0,0.0,2.0, [ - ]  [+: 0.0]  [-: 3.79482700128e-13] 
1.0,23.0,0.75,1.0,1.0,3.0,1.0,0.5,2.0,2.0,0.0,2.0,2.0,320.0,0.0,2.0, [ - ]  [+: 0.0]  [-: 3.41901310128e-13] 
1.0,23.5,3.165,2.0,2.0,6.0,1.0,0.415,2.0,1.0,1.0,2.0,1.0,280.0,80.0,2.0, [ - ]  [+: 0.0]  [-: 4.4100377917e-13] 
1.0,17.92,0.205,1.0,1.0,12.0,1.0,0.04,2.0,2.0,0.0,1.0,1.0,280.0,750.0,2.0, [ - ]  [+: 0.0]  [-: 1.45902906951e-13] 
1.0,16.5,0.125,1.0,1.0,7.0,1.0,0.165,2.0,2.0,0.0,1.0,1.0,132.0,0.0,2.0, [ - ]  [+: 0.0]  [-: 1.30963510717e-13] 
2.0,60.58,16.5,1.0,1.0,2.0,1.0,11.0,1.0,2.0,0.0,2.0,1.0,21.0,10561.0,1.0, [ + ]  [+: 1.17607547714e-18]  [-: 0.0] 
1.0,30.17,0.5,1.0,1.0,7.0,1.0,1.75,1.0,1.0,11.0,1.0,1.0,32.0,540.0,1.0, [ + ]  [+: 5.08305128587e-16]  [-: 0.0] 
1.0,34.42,4.25,1.0,1.0,10.0,3.0,3.25,1.0,1.0,2.0,1.0,1.0,274.0,610.0,1.0, [ - ]  [WRONG] [+: 6.62710372509e-16]  [-: 0.0] 
1.0,18.08,5.5,1.0,1.0,6.0,1.0,0.5,1.0,2.0,0.0,1.0,1.0,80.0,0.0,1.0, [ - ]  [WRONG] [+: 1.09690884388e-16]  [-: 0.0] 
1.0,32.67,9.0,2.0,2.0,1.0,2.0,5.25,1.0,2.0,0.0,2.0,1.0,154.0,0.0,1.0, [ - ]  [WRONG] [+: 1.79934670457e-16]  [-: 0.0] 
2.0,28.58,3.75,1.0,1.0,7.0,1.0,0.25,2.0,1.0,1.0,2.0,1.0,40.0,154.0,2.0, [ - ]  [+: 0.0]  [-: 1.2111972195e-13] 
1.0,57.83,7.04,1.0,1.0,3.0,1.0,14.0,1.0,1.0,6.0,2.0,1.0,360.0,1332.0,1.0, [ + ]  [+: 4.99609185996e-18]  [-: 0.0] 
1.0,30.67,2.5,1.0,1.0,5.0,2.0,2.25,2.0,2.0,0.0,2.0,2.0,340.0,0.0,2.0, [ - ]  [+: 0.0]  [-: 1.72851059728e-13] 
2.0,38.92,1.665,1.0,1.0,12.0,1.0,0.25,2.0,2.0,0.0,1.0,1.0,0.0,390.0,2.0, [ - ]  [+: 0.0]  [-: 2.07399266427e-13] 
2.0,22.5,0.415,1.0,1.0,10.0,1.0,0.335,2.0,2.0,0.0,2.0,2.0,144.0,0.0,2.0, [ - ]  [+: 0.0]  [-: 4.72445849572e-13] 
1.0,26.67,4.25,1.0,1.0,5.0,1.0,4.29,1.0,1.0,1.0,2.0,1.0,120.0,0.0,1.0, [ - ]  [WRONG] [+: 2.2656317895e-15]  [-: 0.0] 
2.0,40.83,10.0,1.0,1.0,2.0,2.0,1.75,1.0,2.0,0.0,1.0,1.0,29.0,837.0,1.0, [ - ]  [WRONG] [+: 4.58252597563e-16]  [-: 0.0] 
1.0,45.0,8.5,1.0,1.0,5.0,2.0,14.0,1.0,1.0,1.0,2.0,1.0,88.0,2000.0,1.0, [ + ]  [+: 7.5230747647e-17]  [-: 0.0] 
1.0,21.0,4.79,2.0,2.0,1.0,1.0,2.25,1.0,1.0,1.0,2.0,1.0,80.0,300.0,1.0, [ - ]  [WRONG] [+: 2.74348737511e-16]  [-: 0.0] 
1.0,30.58,2.71,2.0,2.0,3.0,1.0,0.125,2.0,2.0,0.0,2.0,2.0,80.0,0.0,2.0, [ - ]  [+: 0.0]  [-: 1.16808085082e-12] 
1.0,31.5681710914,0.04,2.0,2.0,8.0,1.0,4.25,2.0,2.0,0.0,2.0,1.0,460.0,0.0,2.0, [ - ]  [+: 0.0]  [-: 2.10912939953e-13] 
2.0,28.75,3.75,1.0,1.0,7.0,1.0,1.085,1.0,1.0,1.0,2.0,1.0,371.0,0.0,1.0, [ - ]  [WRONG] [+: 5.47341458775e-16]  [-: 0.0] 
1.0,21.33,10.5,1.0,1.0,7.0,1.0,3.0,1.0,2.0,0.0,2.0,1.0,0.0,0.0,1.0, [ - ]  [WRONG] [+: 1.64632477019e-16]  [-: 0.0] 
1.0,20.42,7.0,1.0,1.0,7.0,1.0,1.625,1.0,1.0,3.0,1.0,1.0,200.0,1391.0,1.0, [ - ]  [WRONG] [+: 1.05253336233e-15]  [-: 0.0] 
1.0,19.67,0.375,1.0,1.0,2.0,1.0,2.0,1.0,1.0,2.0,2.0,1.0,80.0,0.0,1.0, [ - ]  [WRONG] [+: 7.68837869297e-16]  [-: 0.0] 
1.0,36.75,0.125,2.0,2.0,7.0,1.0,1.5,2.0,2.0,0.0,2.0,1.0,232.0,113.0,1.0, [ - ]  [WRONG] [+: 6.05496362428e-18]  [-: 0.0] 
1.0,39.83,0.5,1.0,1.0,3.0,1.0,0.25,1.0,2.0,0.0,1.0,2.0,288.0,0.0,2.0, [ - ]  [+: 0.0]  [-: 6.86130169276e-14] 
2.0,15.75,0.375,1.0,1.0,7.0,1.0,1.0,2.0,2.0,0.0,1.0,1.0,120.0,18.0,2.0, [ - ]  [+: 0.0]  [-: 1.38268528163e-13] 
1.0,25.17,3.0,1.0,1.0,7.0,1.0,1.25,2.0,1.0,1.0,1.0,1.0,0.0,22.0,2.0, [ - ]  [+: 0.0]  [-: 1.04164901996e-13] 
1.0,20.67,1.25,2.0,2.0,7.0,2.0,1.375,1.0,1.0,3.0,2.0,1.0,140.0,210.0,2.0, [ - ]  [+: 0.0]  [-: 2.12723534078e-14] 
1.0,26.75,4.5,2.0,2.0,7.0,3.0,2.5,2.0,2.0,0.0,1.0,1.0,200.0,1210.0,2.0, [ - ]  [+: 0.0]  [-: 4.35932761744e-13] 
1.0,23.33,11.625,2.0,2.0,1.0,1.0,0.835,1.0,2.0,0.0,2.0,1.0,160.0,300.0,1.0, [ - ]  [WRONG] [+: 6.13600258557e-17]  [-: 0.0] 
1.0,38.25,10.125,2.0,2.0,6.0,1.0,0.125,2.0,2.0,0.0,1.0,1.0,160.0,0.0,2.0, [ - ]  [+: 0.0]  [-: 3.85839678732e-13] 
1.0,48.33,12.0,1.0,1.0,3.0,1.0,16.0,1.0,2.0,0.0,1.0,2.0,110.0,0.0,1.0, [ + ]  [+: 6.70862851805e-19]  [-: 0.0] 
2.0,33.25,3.0,2.0,2.0,12.0,1.0,2.0,2.0,2.0,0.0,1.0,1.0,180.0,0.0,2.0, [ - ]  [+: 0.0]  [-: 1.34606416639e-12] 
2.0,25.42,1.125,1.0,1.0,2.0,1.0,1.29,1.0,1.0,2.0,1.0,1.0,200.0,0.0,2.0, [ - ]  [+: 0.0]  [-: 1.87599681392e-14] 
1.0,35.25,3.165,1.0,1.0,9.0,2.0,3.75,1.0,2.0,0.0,2.0,1.0,680.0,0.0,2.0, [ - ]  [+: 0.0]  [-: 5.63687783292e-16] 
2.0,37.33,2.5,1.0,1.0,10.0,2.0,0.21,2.0,2.0,0.0,1.0,1.0,260.0,246.0,2.0, [ - ]  [+: 0.0]  [-: 3.62135953401e-13] 
1.0,28.92,0.375,1.0,1.0,7.0,1.0,0.29,2.0,2.0,0.0,1.0,1.0,220.0,140.0,2.0, [ - ]  [+: 0.0]  [-: 3.40644046198e-13] 
1.0,26.92,2.25,1.0,1.0,10.0,3.0,0.5,2.0,2.0,0.0,2.0,1.0,640.0,4000.0,2.0, [ + ]  [WRONG] [+: 0.0]  [-: 4.95901074996e-20] 
1.0,31.25,1.125,1.0,1.0,13.0,4.0,0.0,2.0,1.0,1.0,1.0,1.0,96.0,19.0,2.0, [ - ]  [+: 0.0]  [-: 2.94076937684e-13] 
1.0,34.17,9.17,1.0,1.0,7.0,1.0,4.5,1.0,1.0,12.0,2.0,1.0,0.0,221.0,1.0, [ + ]  [+: 5.58055323525e-16]  [-: 0.0] 
1.0,40.92,0.5,2.0,2.0,3.0,1.0,0.5,2.0,2.0,0.0,2.0,1.0,130.0,0.0,2.0, [ - ]  [+: 0.0]  [-: 4.76456303616e-13] 
2.0,38.33,4.415,1.0,1.0,7.0,1.0,0.125,2.0,2.0,0.0,1.0,1.0,160.0,0.0,2.0, [ - ]  [+: 0.0]  [-: 3.2529353272e-13] 
1.0,33.58,2.75,1.0,1.0,3.0,1.0,4.25,1.0,1.0,6.0,1.0,1.0,204.0,0.0,1.0, [ + ]  [+: 1.45753856661e-15]  [-: 0.0] 
1.0,22.08,11.46,1.0,1.0,6.0,1.0,1.585,2.0,2.0,0.0,2.0,1.0,100.0,1212.0,2.0, [ - ]  [+: 0.0]  [-: 3.97177987237e-14] 
1.0,37.33,6.5,1.0,1.0,3.0,2.0,4.25,1.0,1.0,12.0,2.0,1.0,93.0,0.0,1.0, [ + ]  [+: 1.23465960219e-15]  [-: 0.0] 
2.0,30.5,6.5,1.0,1.0,7.0,3.0,4.0,1.0,1.0,7.0,2.0,1.0,0.0,3065.0,1.0, [ + ]  [+: 1.18887960723e-15]  [-: 0.0] 
2.0,20.75,9.54,1.0,1.0,10.0,1.0,0.04,2.0,2.0,0.0,1.0,1.0,200.0,1000.0,2.0, [ - ]  [+: 0.0]  [-: 1.10041313433e-13] 
1.0,30.08,1.04,2.0,2.0,10.0,3.0,0.5,1.0,1.0,10.0,2.0,1.0,132.0,28.0,2.0, [ + ]  [WRONG] [+: 0.0]  [-: 2.67221181051e-18] 
1.0,48.17,3.5,1.0,1.0,12.0,1.0,3.5,1.0,2.0,0.0,1.0,2.0,230.0,0.0,1.0, [ - ]  [WRONG] [+: 1.04610442877e-16]  [-: 0.0] 
1.0,22.67,1.585,2.0,2.0,1.0,1.0,3.085,1.0,1.0,6.0,1.0,1.0,80.0,0.0,1.0, [ - ]  [WRONG] [+: 2.50989435203e-16]  [-: 0.0] 
2.0,23.0,1.835,1.0,1.0,14.0,5.0,0.0,2.0,1.0,1.0,1.0,1.0,200.0,53.0,2.0, [ - ]  [+: 0.0]  [-: 1.99463906689e-13] 
1.0,22.17,12.125,1.0,1.0,7.0,1.0,3.335,2.0,1.0,2.0,2.0,1.0,180.0,173.0,2.0, [ - ]  [+: 0.0]  [-: 1.40315389001e-14] 
1.0,26.5,2.71,2.0,2.0,7.0,1.0,0.085,2.0,2.0,0.0,1.0,2.0,80.0,0.0,2.0, [ - ]  [+: 0.0]  [-: 1.08420848823e-12] 
1.0,20.67,0.415,1.0,1.0,7.0,1.0,0.125,2.0,2.0,0.0,1.0,1.0,0.0,44.0,2.0, [ - ]  [+: 0.0]  [-: 1.29044436425e-13] 
1.0,24.17,0.875,1.0,1.0,2.0,1.0,4.625,1.0,1.0,2.0,2.0,1.0,520.0,2000.0,1.0, [ + ]  [+: 8.56604775273e-17]  [-: 0.0] 
2.0,30.58,10.665,1.0,1.0,2.0,2.0,0.085,2.0,1.0,12.0,2.0,1.0,129.0,3.0,2.0, [ + ]  [WRONG] [+: 0.0]  [-: 3.63985046031e-21] 
1.0,40.92,0.835,1.0,1.0,13.0,4.0,0.0,1.0,2.0,0.0,1.0,1.0,130.0,1.0,2.0, [ - ]  [+: 0.0]  [-: 1.08026567157e-13] 
1.0,60.08,14.5,1.0,1.0,13.0,4.0,18.0,1.0,1.0,15.0,2.0,1.0,0.0,1000.0,1.0, [ + ]  [+: 2.3821179313e-21]  [-: 0.0] 
1.0,28.17,0.125,2.0,2.0,6.0,1.0,0.085,2.0,2.0,0.0,1.0,1.0,216.0,2100.0,2.0, [ - ]  [+: 0.0]  [-: 3.4219646788e-14] 
2.0,31.5681710914,3.5,1.0,1.0,8.0,1.0,3.0,1.0,2.0,0.0,2.0,1.0,300.0,0.0,2.0, [ - ]  [+: 0.0]  [-: 1.1246602039e-13] 
1.0,65.42,11.0,1.0,1.0,11.0,6.0,20.0,1.0,1.0,7.0,2.0,1.0,22.0,0.0,1.0, [ + ]  [+: 2.24163758928e-20]  [-: 0.0] 
1.0,19.0,1.75,2.0,2.0,7.0,1.0,2.335,2.0,2.0,0.0,2.0,1.0,112.0,6.0,2.0, [ - ]  [+: 0.0]  [-: 4.97503946059e-13] 
1.0,16.92,0.335,2.0,2.0,6.0,1.0,0.29,2.0,2.0,0.0,1.0,2.0,200.0,0.0,2.0, [ - ]  [+: 0.0]  [-: 7.11847802801e-13] 
1.0,16.17,0.04,1.0,1.0,7.0,1.0,0.04,2.0,2.0,0.0,1.0,1.0,0.0,0.0,1.0, [ - ]  [WRONG] [+: 4.94263888643e-18]  [-: 0.0] 
2.0,24.08,0.5,1.0,1.0,2.0,2.0,1.25,1.0,1.0,1.0,1.0,1.0,0.0,678.0,1.0, [ - ]  [WRONG] [+: 8.00523734112e-16]  [-: 0.0] 
1.0,19.33,9.5,1.0,1.0,2.0,1.0,1.0,1.0,2.0,0.0,2.0,1.0,60.0,400.0,1.0, [ - ]  [WRONG] [+: 2.55051817914e-16]  [-: 0.0] 
2.0,46.67,0.46,1.0,1.0,5.0,2.0,0.415,1.0,1.0,11.0,2.0,1.0,440.0,6.0,1.0, [ + ]  [+: 1.52918160369e-16]  [-: 0.0] 
2.0,25.0,11.0,2.0,2.0,12.0,1.0,4.5,1.0,2.0,0.0,1.0,1.0,120.0,0.0,2.0, [ - ]  [+: 0.0]  [-: 2.91224848988e-14] 
1.0,29.67,0.75,2.0,2.0,7.0,1.0,0.04,2.0,2.0,0.0,1.0,1.0,240.0,0.0,2.0, [ - ]  [+: 0.0]  [-: 7.68569730205e-13] 
2.0,15.83,7.625,1.0,1.0,2.0,1.0,0.125,2.0,1.0,1.0,2.0,1.0,0.0,160.0,2.0, [ - ]  [+: 0.0]  [-: 1.97455093728e-14] 
1.0,42.08,1.04,1.0,1.0,1.0,1.0,5.0,1.0,1.0,6.0,2.0,1.0,500.0,10000.0,1.0, [ + ]  [+: 7.26702988588e-17]  [-: 0.0] 
1.0,48.5,4.25,1.0,1.0,3.0,1.0,0.125,1.0,2.0,0.0,2.0,1.0,225.0,0.0,1.0, [ - ]  [WRONG] [+: 1.87347859895e-16]  [-: 0.0] 
1.0,26.25,1.54,1.0,1.0,1.0,1.0,0.125,2.0,2.0,0.0,1.0,1.0,100.0,0.0,2.0, [ - ]  [+: 0.0]  [-: 2.73618718364e-13] 
2.0,28.08,15.0,2.0,2.0,11.0,6.0,0.0,1.0,2.0,0.0,1.0,1.0,0.0,13212.0,1.0, [ + ]  [+: 1.26378987852e-17]  [-: 0.0] 
1.0,35.17,25.125,1.0,1.0,9.0,2.0,1.625,1.0,1.0,1.0,2.0,1.0,515.0,500.0,1.0, [ + ]  [+: 6.53276703423e-19]  [-: 0.0] 
2.0,40.33,8.125,2.0,2.0,6.0,1.0,0.165,2.0,1.0,2.0,1.0,1.0,184.014771049,18.0,2.0, [ - ]  [+: 0.0]  [-: 1.85939759491e-13] 
1.0,24.08,9.0,1.0,1.0,12.0,1.0,0.25,2.0,2.0,0.0,2.0,1.0,0.0,0.0,2.0, [ - ]  [+: 0.0]  [-: 1.32415464958e-13] 
1.0,22.08,11.0,1.0,1.0,5.0,1.0,0.665,1.0,2.0,0.0,1.0,1.0,100.0,0.0,1.0, [ - ]  [WRONG] [+: 2.87941228293e-16]  [-: 0.0] 
2.0,32.33,0.54,1.0,1.0,5.0,1.0,0.04,1.0,2.0,0.0,1.0,1.0,440.0,11177.0,1.0, [ + ]  [+: 4.43775108392e-17]  [-: 0.0] 
2.0,18.17,10.0,2.0,2.0,2.0,2.0,0.165,2.0,2.0,0.0,1.0,1.0,340.0,0.0,2.0, [ - ]  [+: 0.0]  [-: 8.10047945745e-14] 
2.0,24.75,13.665,1.0,1.0,2.0,2.0,1.5,2.0,2.0,0.0,1.0,1.0,280.0,1.0,2.0, [ - ]  [+: 0.0]  [-: 1.59024055896e-14] 
1.0,24.58,1.25,1.0,1.0,7.0,1.0,0.25,2.0,2.0,0.0,1.0,1.0,110.0,0.0,2.0, [ - ]  [+: 0.0]  [-: 2.99271216507e-13] 
2.0,25.58,0.0,1.0,1.0,7.0,1.0,0.0,2.0,2.0,0.0,1.0,3.0,184.014771049,0.0,1.0, [ - ]  [WRONG] [+: 2.59889086629e-17]  [-: 0.0] 
1.0,22.08,2.335,1.0,1.0,6.0,1.0,0.75,2.0,2.0,0.0,1.0,1.0,180.0,0.0,2.0, [ - ]  [+: 0.0]  [-: 4.95718262003e-13] 
1.0,29.25,14.79,1.0,1.0,12.0,1.0,5.04,1.0,1.0,5.0,2.0,1.0,168.0,0.0,1.0, [ + ]  [+: 3.90770741438e-16]  [-: 0.0] 
2.0,25.33,2.085,1.0,1.0,7.0,2.0,2.75,1.0,2.0,0.0,2.0,1.0,360.0,1.0,2.0, [ - ]  [+: 0.0]  [-: 3.87282840661e-14] 
1.0,38.92,1.75,1.0,1.0,6.0,1.0,0.5,2.0,2.0,0.0,2.0,1.0,300.0,2.0,2.0, [ - ]  [+: 0.0]  [-: 3.50663138014e-13] 
1.0,31.5681710914,10.5,1.0,1.0,9.0,1.0,6.5,1.0,2.0,0.0,1.0,1.0,0.0,0.0,1.0, [ - ]  [WRONG] [+: 3.08541135763e-16]  [-: 0.0] 
2.0,18.58,10.0,1.0,1.0,8.0,1.0,0.415,2.0,2.0,0.0,1.0,1.0,80.0,42.0,2.0, [ - ]  [+: 0.0]  [-: 1.25130163442e-13] 
1.0,36.08,2.54,1.0,1.0,13.0,4.0,0.0,2.0,2.0,0.0,1.0,1.0,0.0,1000.0,2.0, [ - ]  [+: 0.0]  [-: 2.99639458777e-13] 
1.0,31.5681710914,3.0,2.0,2.0,10.0,3.0,7.0,2.0,2.0,0.0,1.0,1.0,0.0,1.0,2.0, [ - ]  [+: 0.0]  [-: 5.50672271468e-14] 
1.0,43.25,25.21,1.0,1.0,2.0,2.0,0.21,1.0,1.0,1.0,1.0,1.0,760.0,90.0,2.0, [ + ]  [WRONG] [+: 0.0]  [-: 5.8681950024e-22] 
2.0,22.5,8.5,1.0,1.0,2.0,1.0,1.75,1.0,1.0,10.0,1.0,1.0,80.0,990.0,2.0, [ + ]  [WRONG] [+: 0.0]  [-: 1.69635335017e-19] 
1.0,56.42,28.0,2.0,2.0,7.0,1.0,28.5,1.0,1.0,40.0,1.0,1.0,0.0,15.0,1.0, [ + ]  [+: 5.52695645902e-35]  [-: 0.0] 
1.0,34.5,4.04,2.0,2.0,10.0,3.0,8.5,1.0,1.0,7.0,2.0,1.0,195.0,0.0,1.0, [ + ]  [+: 1.00144389513e-16]  [-: 0.0] 
1.0,25.67,3.25,1.0,1.0,7.0,2.0,2.29,2.0,1.0,1.0,2.0,1.0,416.0,21.0,2.0, [ - ]  [+: 0.0]  [-: 6.16794520589e-14] 
1.0,29.83,1.25,2.0,2.0,6.0,1.0,0.25,2.0,2.0,0.0,1.0,1.0,224.0,0.0,2.0, [ - ]  [+: 0.0]  [-: 1.23603842847e-12] 
2.0,47.25,0.75,1.0,1.0,2.0,2.0,2.75,1.0,1.0,1.0,1.0,1.0,333.0,892.0,1.0, [ - ]  [WRONG] [+: 6.41360946163e-16]  [-: 0.0] 
2.0,47.0,13.0,1.0,1.0,10.0,3.0,5.165,1.0,1.0,9.0,2.0,1.0,0.0,0.0,1.0, [ + ]  [+: 1.18312665852e-16]  [-: 0.0] 
2.0,20.42,10.5,2.0,2.0,9.0,2.0,0.0,2.0,2.0,0.0,2.0,1.0,154.0,32.0,2.0, [ - ]  [+: 0.0]  [-: 4.47748348404e-14] 
1.0,76.75,22.29,1.0,1.0,11.0,6.0,12.75,1.0,1.0,1.0,2.0,1.0,0.0,109.0,1.0, [ + ]  [+: 7.86478406174e-21]  [-: 0.0] 
2.0,29.58,1.75,2.0,2.0,6.0,1.0,1.25,2.0,2.0,0.0,2.0,1.0,280.0,0.0,2.0, [ - ]  [+: 0.0]  [-: 1.26776401988e-12] 
1.0,32.08,4.0,1.0,1.0,3.0,1.0,2.5,1.0,2.0,0.0,2.0,1.0,360.0,0.0,1.0, [ - ]  [WRONG] [+: 2.20721761035e-16]  [-: 0.0] 
1.0,22.33,11.0,1.0,1.0,1.0,1.0,2.0,1.0,1.0,1.0,1.0,1.0,80.0,278.0,1.0, [ - ]  [WRONG] [+: 7.52738590802e-16]  [-: 0.0] 
2.0,57.58,2.0,1.0,1.0,13.0,4.0,6.5,2.0,1.0,1.0,1.0,1.0,0.0,10.0,2.0, [ - ]  [+: 0.0]  [-: 9.4232990567e-16] 
2.0,24.33,2.5,2.0,2.0,10.0,3.0,4.5,2.0,2.0,0.0,1.0,1.0,200.0,456.0,2.0, [ - ]  [+: 0.0]  [-: 6.0195377245e-13] 
1.0,48.75,8.5,1.0,1.0,7.0,2.0,12.5,1.0,1.0,9.0,1.0,1.0,181.0,1655.0,1.0, [ + ]  [+: 8.45264952089e-17]  [-: 0.0] 
1.0,17.58,10.0,1.0,1.0,1.0,2.0,0.165,2.0,1.0,1.0,1.0,1.0,120.0,1.0,2.0, [ - ]  [+: 0.0]  [-: 1.92375214036e-14] 
1.0,40.58,5.0,1.0,1.0,7.0,1.0,5.0,1.0,1.0,7.0,1.0,1.0,0.0,3065.0,1.0, [ + ]  [+: 9.19369550988e-16]  [-: 0.0] 
2.0,33.75,0.75,1.0,1.0,6.0,3.0,1.0,1.0,1.0,3.0,2.0,1.0,212.0,0.0,2.0, [ - ]  [+: 0.0]  [-: 2.21094545327e-14] 
1.0,22.25,9.0,1.0,1.0,12.0,1.0,0.085,2.0,2.0,0.0,1.0,1.0,0.0,0.0,2.0, [ - ]  [+: 0.0]  [-: 1.2208395111e-13] 
1.0,47.17,5.835,1.0,1.0,1.0,1.0,5.5,2.0,2.0,0.0,1.0,1.0,465.0,150.0,2.0, [ - ]  [+: 0.0]  [-: 9.95003920992e-15] 
1.0,19.17,4.0,2.0,2.0,10.0,1.0,1.0,2.0,2.0,0.0,2.0,1.0,360.0,1000.0,2.0, [ - ]  [+: 0.0]  [-: 4.1425188259e-13] 
2.0,29.5,0.46,1.0,1.0,6.0,1.0,0.54,1.0,1.0,4.0,1.0,1.0,380.0,500.0,1.0, [ - ]  [WRONG] [+: 1.95044275495e-16]  [-: 0.0] 
1.0,34.92,5.0,1.0,1.0,9.0,2.0,7.5,1.0,1.0,6.0,2.0,1.0,0.0,1000.0,1.0, [ + ]  [+: 1.81351787357e-15]  [-: 0.0] 
2.0,25.25,13.5,2.0,2.0,13.0,4.0,2.0,2.0,1.0,1.0,2.0,1.0,200.0,1.0,2.0, [ - ]  [+: 0.0]  [-: 7.96307075599e-14] 
1.0,74.83,19.0,2.0,2.0,13.0,4.0,0.04,2.0,1.0,2.0,1.0,1.0,0.0,351.0,2.0, [ - ]  [+: 0.0]  [-: 2.10324355439e-19] 
1.0,28.33,5.0,1.0,1.0,1.0,1.0,11.0,1.0,2.0,0.0,2.0,1.0,70.0,0.0,1.0, [ + ]  [+: 9.60781772103e-17]  [-: 0.0] 
1.0,18.58,10.29,1.0,1.0,13.0,4.0,0.415,2.0,2.0,0.0,1.0,1.0,80.0,0.0,2.0, [ - ]  [+: 0.0]  [-: 1.85690031615e-13] 
2.0,17.33,9.5,1.0,1.0,12.0,1.0,1.75,2.0,1.0,10.0,2.0,1.0,0.0,10.0,2.0, [ + ]  [WRONG] [+: 0.0]  [-: 7.1894650919e-19] 
1.0,34.17,1.54,1.0,1.0,5.0,1.0,1.54,1.0,1.0,1.0,2.0,1.0,520.0,50000.0,1.0, [ + ]  [+: 1.39833234611e-23]  [-: 0.0] 
1.0,27.75,1.29,1.0,1.0,6.0,2.0,0.25,2.0,2.0,0.0,2.0,2.0,140.0,0.0,2.0, [ - ]  [+: 0.0]  [-: 4.65264969663e-13] 
1.0,41.58,1.75,1.0,1.0,6.0,1.0,0.21,1.0,2.0,0.0,1.0,1.0,160.0,0.0,2.0, [ - ]  [+: 0.0]  [-: 7.15281616614e-14] 
2.0,56.5,16.0,1.0,1.0,14.0,4.0,0.0,1.0,1.0,15.0,1.0,1.0,0.0,247.0,1.0, [ + ]  [+: 1.91290917015e-18]  [-: 0.0] 
1.0,36.17,0.42,2.0,2.0,1.0,1.0,0.29,2.0,2.0,0.0,2.0,1.0,309.0,2.0,2.0, [ - ]  [+: 0.0]  [-: 4.638652082e-13] 
1.0,23.08,11.5,1.0,1.0,10.0,1.0,3.5,1.0,1.0,9.0,1.0,1.0,56.0,742.0,1.0, [ + ]  [+: 2.82605326271e-16]  [-: 0.0] 
1.0,33.5,1.75,1.0,1.0,9.0,2.0,4.5,1.0,1.0,4.0,2.0,1.0,253.0,857.0,1.0, [ + ]  [+: 3.19785092517e-15]  [-: 0.0] 
2.0,24.75,12.5,1.0,1.0,12.0,1.0,1.5,1.0,1.0,12.0,2.0,1.0,120.0,567.0,1.0, [ + ]  [+: 3.04234143154e-16]  [-: 0.0] 
2.0,19.17,5.415,1.0,1.0,10.0,2.0,0.29,2.0,2.0,0.0,1.0,1.0,80.0,484.0,2.0, [ - ]  [+: 0.0]  [-: 2.22710252423e-13] 
1.0,28.92,15.0,1.0,1.0,7.0,2.0,5.335,1.0,1.0,11.0,1.0,1.0,0.0,2283.0,1.0, [ + ]  [+: 2.2586547734e-16]  [-: 0.0] 
2.0,49.83,13.585,1.0,1.0,6.0,2.0,8.5,1.0,2.0,0.0,2.0,1.0,0.0,0.0,1.0, [ + ]  [+: 2.28826204917e-17]  [-: 0.0] 
1.0,34.08,6.5,1.0,1.0,12.0,1.0,0.125,1.0,2.0,0.0,2.0,1.0,443.0,0.0,2.0, [ - ]  [+: 0.0]  [-: 4.12418744377e-14] 
2.0,24.92,1.25,1.0,1.0,13.0,4.0,0.0,1.0,2.0,0.0,1.0,1.0,80.0,0.0,2.0, [ - ]  [+: 0.0]  [-: 1.45593073831e-13] 
1.0,48.17,7.625,1.0,1.0,1.0,2.0,15.5,1.0,1.0,12.0,1.0,1.0,0.0,790.0,1.0, [ + ]  [+: 6.18547346487e-18]  [-: 0.0] 
1.0,26.17,0.835,1.0,1.0,5.0,1.0,1.165,2.0,2.0,0.0,1.0,1.0,100.0,0.0,2.0, [ - ]  [+: 0.0]  [-: 1.70700079786e-13] 
1.0,21.83,0.25,1.0,1.0,8.0,2.0,0.665,1.0,2.0,0.0,2.0,1.0,0.0,0.0,1.0, [ - ]  [WRONG] [+: 6.79425009278e-17]  [-: 0.0] 
2.0,31.5681710914,11.25,1.0,1.0,13.0,4.0,0.0,2.0,2.0,0.0,1.0,1.0,184.014771049,5200.0,2.0, [ + ]  [WRONG] [+: 0.0]  [-: 1.21458966189e-23] 
1.0,41.75,0.96,1.0,1.0,9.0,1.0,2.5,1.0,2.0,0.0,1.0,1.0,510.0,600.0,1.0, [ - ]  [WRONG] [+: 4.01258826652e-17]  [-: 0.0] 
1.0,23.58,1.79,1.0,1.0,7.0,1.0,0.54,2.0,2.0,0.0,2.0,1.0,136.0,1.0,2.0, [ - ]  [+: 0.0]  [-: 3.19646985808e-13] 
1.0,30.75,1.585,1.0,1.0,8.0,1.0,0.585,2.0,2.0,0.0,2.0,2.0,0.0,0.0,2.0, [ - ]  [+: 0.0]  [-: 4.80841978034e-13] 
1.0,19.17,9.5,1.0,1.0,1.0,1.0,1.5,1.0,2.0,0.0,1.0,1.0,120.0,2206.0,1.0, [ - ]  [WRONG] [+: 2.60393728391e-16]  [-: 0.0] 
1.0,23.42,0.585,1.0,1.0,7.0,2.0,0.085,1.0,2.0,0.0,1.0,1.0,180.0,0.0,2.0, [ - ]  [+: 0.0]  [-: 4.42048028052e-14] 
1.0,23.17,0.0,1.0,1.0,7.0,1.0,0.0,2.0,2.0,0.0,1.0,3.0,184.014771049,0.0,1.0, [ - ]  [WRONG] [+: 2.2340966938e-17]  [-: 0.0] 
1.0,48.58,0.205,2.0,2.0,6.0,1.0,0.25,1.0,1.0,11.0,1.0,1.0,380.0,2732.0,1.0, [ + ]  [+: 1.45096437747e-17]  [-: 0.0] 
1.0,15.17,7.0,1.0,1.0,11.0,1.0,1.0,2.0,2.0,0.0,1.0,1.0,600.0,0.0,2.0, [ - ]  [+: 0.0]  [-: 1.3483005444e-14] 
1.0,44.83,7.0,2.0,2.0,7.0,1.0,1.625,2.0,2.0,0.0,1.0,1.0,160.0,2.0,2.0, [ - ]  [+: 0.0]  [-: 3.72197208759e-13] 
1.0,33.67,1.25,1.0,1.0,1.0,1.0,1.165,2.0,2.0,0.0,1.0,1.0,120.0,0.0,2.0, [ - ]  [+: 0.0]  [-: 3.22154805003e-13] 
2.0,56.83,4.25,2.0,2.0,13.0,4.0,5.0,2.0,2.0,0.0,2.0,1.0,0.0,4.0,2.0, [ - ]  [+: 0.0]  [-: 2.35945405466e-14] 
1.0,55.92,11.5,1.0,1.0,13.0,4.0,5.0,1.0,1.0,5.0,1.0,1.0,0.0,8851.0,1.0, [ + ]  [+: 1.21855135853e-17]  [-: 0.0] 
1.0,31.5681710914,0.625,1.0,1.0,6.0,1.0,0.25,2.0,2.0,0.0,1.0,1.0,380.0,2010.0,2.0, [ - ]  [+: 0.0]  [-: 1.48192023329e-14] 
1.0,19.42,6.5,1.0,1.0,1.0,2.0,1.46,1.0,1.0,7.0,1.0,1.0,80.0,2954.0,1.0, [ + ]  [+: 1.31855698045e-15]  [-: 0.0] 
1.0,20.08,0.25,1.0,1.0,2.0,1.0,0.125,2.0,2.0,0.0,1.0,1.0,200.0,0.0,2.0, [ - ]  [+: 0.0]  [-: 1.40857104096e-13] 
1.0,34.0,4.5,1.0,1.0,12.0,1.0,1.0,1.0,2.0,0.0,2.0,1.0,240.0,0.0,2.0, [ - ]  [+: 0.0]  [-: 1.23612592852e-13] 
1.0,38.67,0.21,1.0,1.0,6.0,1.0,0.085,1.0,2.0,0.0,2.0,1.0,280.0,0.0,1.0, [ - ]  [WRONG] [+: 1.02451708385e-16]  [-: 0.0] 
2.0,28.5,1.0,1.0,1.0,2.0,1.0,1.0,1.0,1.0,2.0,2.0,1.0,167.0,500.0,2.0, [ - ]  [+: 0.0]  [-: 1.77273183444e-14] 
1.0,35.58,0.75,1.0,1.0,6.0,1.0,1.5,2.0,2.0,0.0,2.0,1.0,231.0,0.0,2.0, [ - ]  [+: 0.0]  [-: 4.50456075394e-13] 
1.0,23.08,2.5,1.0,1.0,7.0,1.0,1.085,1.0,1.0,11.0,2.0,1.0,60.0,2184.0,1.0, [ + ]  [+: 5.89109063988e-16]  [-: 0.0] 
1.0,27.83,1.0,2.0,2.0,8.0,2.0,3.0,2.0,2.0,0.0,1.0,1.0,176.0,537.0,2.0, [ - ]  [+: 0.0]  [-: 7.72155718474e-13] 
1.0,22.92,0.17,1.0,1.0,3.0,1.0,0.085,2.0,2.0,0.0,1.0,2.0,0.0,0.0,2.0, [ - ]  [+: 0.0]  [-: 2.09484942721e-13] 
1.0,29.5,0.58,1.0,1.0,1.0,1.0,0.29,2.0,1.0,1.0,1.0,1.0,340.0,2803.0,2.0, [ - ]  [+: 0.0]  [-: 1.55141471732e-16] 
1.0,51.42,0.04,1.0,1.0,9.0,2.0,0.04,1.0,2.0,0.0,1.0,1.0,0.0,3000.0,1.0, [ + ]  [+: 1.31914184493e-16]  [-: 0.0] 
2.0,17.67,0.0,2.0,2.0,14.0,4.0,0.0,2.0,2.0,0.0,1.0,1.0,86.0,0.0,2.0, [ - ]  [+: 0.0]  [-: 6.01682811034e-13] 
1.0,26.67,1.75,2.0,2.0,7.0,1.0,1.0,1.0,1.0,5.0,2.0,1.0,160.0,5777.0,1.0, [ + ]  [+: 2.815612815e-16]  [-: 0.0] 
1.0,29.25,13.0,1.0,1.0,8.0,2.0,0.5,2.0,2.0,0.0,1.0,1.0,228.0,0.0,2.0, [ - ]  [+: 0.0]  [-: 5.61570295201e-14] 
2.0,28.58,3.54,1.0,1.0,10.0,3.0,0.5,1.0,2.0,0.0,2.0,1.0,171.0,0.0,2.0, [ - ]  [+: 0.0]  [-: 1.48720097166e-13] 
2.0,36.75,5.125,1.0,1.0,11.0,1.0,5.0,1.0,2.0,0.0,2.0,1.0,0.0,4000.0,1.0, [ + ]  [+: 4.18341773949e-16]  [-: 0.0] 
1.0,62.5,12.75,2.0,2.0,7.0,2.0,5.0,1.0,2.0,0.0,1.0,1.0,112.0,0.0,2.0, [ - ]  [+: 0.0]  [-: 7.67137451706e-17] 
2.0,19.17,8.585,1.0,1.0,5.0,2.0,0.75,1.0,1.0,7.0,1.0,1.0,96.0,0.0,1.0, [ + ]  [+: 1.43519777691e-15]  [-: 0.0] 
2.0,30.0,5.29,1.0,1.0,11.0,8.0,2.25,1.0,1.0,5.0,2.0,1.0,99.0,500.0,1.0, [ - ]  [WRONG] [+: 1.82119493104e-15]  [-: 0.0] 
1.0,19.0,0.0,2.0,2.0,13.0,4.0,0.0,2.0,1.0,4.0,1.0,1.0,45.0,1.0,2.0, [ - ]  [+: 0.0]  [-: 7.14047997026e-14] 
2.0,17.58,9.0,1.0,1.0,12.0,1.0,1.375,1.0,2.0,0.0,2.0,1.0,0.0,0.0,1.0, [ - ]  [WRONG] [+: 9.78456595237e-17]  [-: 0.0] 
1.0,34.83,2.5,2.0,2.0,1.0,1.0,3.0,2.0,2.0,0.0,1.0,2.0,200.0,0.0,2.0, [ - ]  [+: 0.0]  [-: 1.00085467198e-12] 
1.0,39.25,9.5,1.0,1.0,3.0,1.0,6.5,1.0,1.0,14.0,1.0,1.0,240.0,4607.0,1.0, [ + ]  [+: 3.20555700994e-16]  [-: 0.0] 
2.0,18.92,9.0,1.0,1.0,12.0,1.0,0.75,1.0,1.0,2.0,1.0,1.0,88.0,591.0,1.0, [ - ]  [WRONG] [+: 4.78957821317e-16]  [-: 0.0] 
1.0,29.58,4.75,1.0,1.0,3.0,1.0,2.0,2.0,1.0,1.0,2.0,1.0,460.0,68.0,2.0, [ - ]  [+: 0.0]  [-: 7.90484996142e-14] 
1.0,18.08,6.75,2.0,2.0,3.0,1.0,0.04,2.0,2.0,0.0,1.0,1.0,140.0,0.0,2.0, [ - ]  [+: 0.0]  [-: 4.65868545134e-13] 
2.0,20.83,0.5,2.0,2.0,11.0,8.0,1.0,2.0,2.0,0.0,1.0,1.0,260.0,0.0,2.0, [ - ]  [+: 0.0]  [-: 5.33006278753e-13] 
1.0,18.58,5.71,1.0,1.0,8.0,1.0,0.54,2.0,2.0,0.0,1.0,1.0,120.0,0.0,2.0, [ - ]  [+: 0.0]  [-: 3.56150337255e-13] 
2.0,35.42,12.0,1.0,1.0,2.0,2.0,14.0,1.0,1.0,8.0,1.0,1.0,0.0,6590.0,1.0, [ + ]  [+: 3.21442249446e-17]  [-: 0.0] 
1.0,32.42,2.165,2.0,2.0,6.0,4.0,0.0,2.0,2.0,0.0,1.0,1.0,120.0,0.0,2.0, [ - ]  [+: 0.0]  [-: 1.80254633456e-12] 
1.0,44.0,2.0,1.0,1.0,3.0,1.0,1.75,1.0,1.0,2.0,2.0,1.0,0.0,15.0,1.0, [ - ]  [WRONG] [+: 5.7395177526e-16]  [-: 0.0] 
2.0,45.0,4.585,1.0,1.0,6.0,2.0,1.0,2.0,2.0,0.0,2.0,2.0,240.0,0.0,2.0, [ - ]  [+: 0.0]  [-: 2.52041738447e-13] 
1.0,17.08,0.085,2.0,2.0,7.0,1.0,0.04,2.0,2.0,0.0,1.0,1.0,140.0,722.0,2.0, [ - ]  [+: 0.0]  [-: 2.6426328406e-13] 
1.0,22.67,10.5,1.0,1.0,2.0,2.0,1.335,1.0,2.0,0.0,1.0,1.0,100.0,0.0,1.0, [ - ]  [WRONG] [+: 4.24015472656e-16]  [-: 0.0] 
1.0,24.5,13.335,2.0,2.0,12.0,1.0,0.04,2.0,2.0,0.0,2.0,1.0,120.0,475.0,2.0, [ - ]  [+: 0.0]  [-: 8.57983296126e-14] 
2.0,22.5,8.46,2.0,2.0,9.0,1.0,2.46,2.0,2.0,0.0,1.0,1.0,164.0,0.0,1.0, [ - ]  [WRONG] [+: 1.33342532052e-17]  [-: 0.0] 
1.0,25.67,2.21,2.0,2.0,12.0,1.0,4.0,1.0,2.0,0.0,1.0,1.0,188.0,0.0,2.0, [ - ]  [+: 0.0]  [-: 1.54664161536e-13] 
1.0,34.25,3.0,1.0,1.0,5.0,2.0,7.415,1.0,2.0,0.0,2.0,1.0,0.0,0.0,1.0, [ - ]  [WRONG] [+: 4.03239441588e-16]  [-: 0.0] 
1.0,34.17,5.25,1.0,1.0,1.0,1.0,0.085,2.0,2.0,0.0,2.0,1.0,290.0,6.0,1.0, [ - ]  [WRONG] [+: 3.13148664962e-17]  [-: 0.0] 
1.0,19.67,10.0,2.0,2.0,6.0,2.0,0.835,1.0,2.0,0.0,2.0,1.0,140.0,0.0,2.0, [ - ]  [+: 0.0]  [-: 5.640410783e-14] 
2.0,22.25,1.25,2.0,2.0,13.0,4.0,3.25,2.0,2.0,0.0,1.0,1.0,280.0,0.0,2.0, [ - ]  [+: 0.0]  [-: 1.26123588787e-12] 
1.0,35.0,2.5,1.0,1.0,10.0,1.0,1.0,2.0,2.0,0.0,2.0,1.0,210.0,0.0,2.0, [ - ]  [+: 0.0]  [-: 6.05911148599e-13] 
2.0,25.17,2.875,1.0,1.0,9.0,2.0,0.875,1.0,2.0,0.0,1.0,1.0,360.0,0.0,1.0, [ - ]  [WRONG] [+: 3.38528980635e-16]  [-: 0.0] 
1.0,30.17,1.085,2.0,2.0,7.0,1.0,0.04,2.0,2.0,0.0,1.0,1.0,170.0,179.0,2.0, [ - ]  [+: 0.0]  [-: 8.59012841721e-13] 
1.0,25.83,12.835,1.0,1.0,5.0,1.0,0.5,2.0,2.0,0.0,1.0,1.0,0.0,2.0,2.0, [ - ]  [+: 0.0]  [-: 1.57270528555e-14] 
1.0,49.58,19.0,1.0,1.0,13.0,4.0,0.0,1.0,1.0,1.0,1.0,1.0,94.0,0.0,2.0, [ - ]  [+: 0.0]  [-: 3.40749268124e-17] 
1.0,42.0,9.79,1.0,1.0,9.0,2.0,7.96,1.0,1.0,8.0,1.0,1.0,0.0,0.0,1.0, [ + ]  [+: 8.37448242818e-16]  [-: 0.0] 
2.0,38.25,6.0,1.0,1.0,6.0,1.0,1.0,1.0,2.0,0.0,2.0,1.0,0.0,0.0,1.0, [ - ]  [WRONG] [+: 1.68497348508e-16]  [-: 0.0] 
2.0,18.83,9.54,1.0,1.0,12.0,1.0,0.085,1.0,2.0,0.0,1.0,1.0,100.0,0.0,1.0, [ - ]  [WRONG] [+: 1.23434145779e-16]  [-: 0.0] 
2.0,22.67,0.335,1.0,1.0,2.0,1.0,0.75,2.0,2.0,0.0,1.0,2.0,160.0,0.0,2.0, [ - ]  [+: 0.0]  [-: 2.58835717805e-13] 
1.0,23.08,0.0,1.0,1.0,6.0,1.0,1.0,2.0,1.0,11.0,1.0,2.0,0.0,0.0,2.0, [ + ]  [WRONG] [+: 0.0]  [-: 2.73043943557e-19] 
1.0,23.25,12.625,1.0,1.0,7.0,1.0,0.125,2.0,1.0,2.0,1.0,1.0,0.0,5552.0,2.0, [ + ]  [WRONG] [+: 0.0]  [-: 1.303161012e-26] 
1.0,23.75,12.0,1.0,1.0,7.0,1.0,2.085,2.0,2.0,0.0,1.0,2.0,80.0,0.0,2.0, [ - ]  [+: 0.0]  [-: 8.18594297755e-14] 
2.0,55.75,7.08,1.0,1.0,6.0,2.0,6.75,1.0,1.0,3.0,2.0,1.0,100.0,50.0,2.0, [ + ]  [WRONG] [+: 0.0]  [-: 6.45497306049e-17] 
1.0,38.17,10.125,1.0,1.0,9.0,1.0,2.5,1.0,1.0,6.0,1.0,1.0,520.0,196.0,1.0, [ + ]  [+: 1.50384561897e-16]  [-: 0.0] 
2.0,26.58,2.54,2.0,2.0,13.0,4.0,0.0,2.0,2.0,0.0,2.0,1.0,180.0,60.0,2.0, [ - ]  [+: 0.0]  [-: 2.15552879606e-12] 
1.0,41.17,4.04,1.0,1.0,5.0,2.0,7.0,1.0,1.0,8.0,1.0,1.0,320.0,0.0,1.0, [ + ]  [+: 1.14203409266e-15]  [-: 0.0] 
2.0,19.58,0.665,1.0,1.0,1.0,1.0,1.665,2.0,2.0,0.0,1.0,1.0,220.0,5.0,2.0, [ - ]  [+: 0.0]  [-: 2.06418832082e-13] 
1.0,33.58,0.335,2.0,2.0,5.0,1.0,0.085,2.0,2.0,0.0,1.0,1.0,180.0,0.0,2.0, [ - ]  [+: 0.0]  [-: 3.63369459968e-13] 
1.0,47.67,2.5,1.0,1.0,3.0,3.0,2.5,1.0,1.0,12.0,2.0,1.0,410.0,2510.0,1.0, [ + ]  [+: 1.27090134703e-16]  [-: 0.0] 
1.0,32.33,7.5,1.0,1.0,11.0,3.0,1.585,1.0,2.0,0.0,2.0,2.0,420.0,0.0,2.0, [ - ]  [+: 0.0]  [-: 4.4009930374e-14] 
1.0,44.33,0.5,1.0,1.0,10.0,2.0,5.0,1.0,2.0,0.0,2.0,1.0,320.0,0.0,1.0, [ - ]  [WRONG] [+: 9.76562347599e-17]  [-: 0.0] 
2.0,20.83,8.5,1.0,1.0,7.0,1.0,0.165,2.0,2.0,0.0,1.0,1.0,0.0,351.0,2.0, [ - ]  [+: 0.0]  [-: 1.05279844567e-13] 
1.0,23.17,0.0,1.0,1.0,5.0,1.0,0.085,1.0,2.0,0.0,1.0,1.0,0.0,0.0,1.0, [ - ]  [WRONG] [+: 1.52190900926e-16]  [-: 0.0] 
1.0,28.58,3.625,1.0,1.0,12.0,1.0,0.25,2.0,2.0,0.0,2.0,1.0,100.0,0.0,2.0, [ - ]  [+: 0.0]  [-: 4.62903787109e-13] 
1.0,22.58,10.04,1.0,1.0,9.0,1.0,0.04,1.0,1.0,9.0,1.0,1.0,60.0,396.0,1.0, [ + ]  [+: 8.81714210387e-16]  [-: 0.0] 
2.0,53.33,0.165,1.0,1.0,13.0,4.0,0.0,2.0,2.0,0.0,2.0,2.0,62.0,27.0,2.0, [ - ]  [+: 0.0]  [-: 7.48392106618e-14] 
1.0,42.17,5.04,1.0,1.0,2.0,2.0,12.75,1.0,2.0,0.0,2.0,1.0,92.0,0.0,1.0, [ + ]  [+: 5.84244882462e-17]  [-: 0.0] 
2.0,15.83,0.585,1.0,1.0,7.0,2.0,1.5,1.0,1.0,2.0,1.0,1.0,100.0,0.0,1.0, [ - ]  [WRONG] [+: 5.36573460378e-16]  [-: 0.0] 
1.0,45.33,1.0,1.0,1.0,2.0,1.0,0.125,2.0,2.0,0.0,2.0,1.0,263.0,0.0,2.0, [ - ]  [+: 0.0]  [-: 8.24409207712e-14] 
1.0,40.58,3.29,1.0,1.0,3.0,1.0,3.5,2.0,2.0,0.0,2.0,2.0,400.0,0.0,2.0, [ - ]  [+: 0.0]  [-: 1.74277437025e-13] 
1.0,16.25,0.835,1.0,1.0,3.0,1.0,0.085,1.0,2.0,0.0,1.0,2.0,200.0,0.0,2.0, [ - ]  [+: 0.0]  [-: 5.15548296992e-14] 
1.0,29.83,3.5,1.0,1.0,7.0,1.0,0.165,2.0,2.0,0.0,1.0,1.0,216.0,0.0,2.0, [ - ]  [+: 0.0]  [-: 4.52150776726e-13] 
1.0,32.75,2.335,1.0,1.0,8.0,2.0,5.75,2.0,2.0,0.0,2.0,1.0,292.0,0.0,2.0, [ - ]  [+: 0.0]  [-: 7.4011852469e-14] 
2.0,38.58,5.0,1.0,1.0,5.0,1.0,13.5,1.0,2.0,0.0,2.0,1.0,980.0,0.0,2.0, [ + ]  [WRONG] [+: 0.0]  [-: 1.12848617851e-23] 
1.0,22.75,11.5,1.0,1.0,10.0,1.0,0.415,2.0,2.0,0.0,1.0,1.0,0.0,0.0,2.0, [ - ]  [+: 0.0]  [-: 6.78923864362e-14] 
1.0,23.92,1.5,1.0,1.0,8.0,2.0,1.875,1.0,1.0,6.0,1.0,1.0,200.0,327.0,1.0, [ - ]  [WRONG] [+: 5.91637737289e-16]  [-: 0.0] 
2.0,64.08,0.165,1.0,1.0,13.0,4.0,0.0,1.0,1.0,1.0,1.0,1.0,232.0,100.0,1.0, [ - ]  [WRONG] [+: 4.40454512172e-18]  [-: 0.0] 
1.0,20.17,5.625,1.0,1.0,1.0,1.0,1.71,1.0,2.0,0.0,1.0,2.0,120.0,0.0,1.0, [ - ]  [WRONG] [+: 1.9216430012e-16]  [-: 0.0] 
2.0,25.0,12.33,1.0,1.0,5.0,2.0,3.5,1.0,1.0,6.0,1.0,1.0,400.0,458.0,1.0, [ + ]  [+: 5.03084839605e-16]  [-: 0.0] 
2.0,45.83,10.5,1.0,1.0,2.0,1.0,5.0,1.0,1.0,7.0,2.0,1.0,0.0,0.0,1.0, [ + ]  [+: 6.93310373954e-16]  [-: 0.0] 
1.0,40.92,2.25,2.0,2.0,9.0,2.0,10.0,1.0,2.0,0.0,2.0,1.0,176.0,0.0,2.0, [ + ]  [WRONG] [+: 0.0]  [-: 3.4254584309e-17] 
2.0,52.83,15.0,1.0,1.0,7.0,1.0,5.5,1.0,1.0,14.0,1.0,1.0,0.0,2200.0,1.0, [ + ]  [+: 3.42440451139e-17]  [-: 0.0] 
1.0,22.92,3.165,2.0,2.0,7.0,1.0,0.165,2.0,2.0,0.0,1.0,1.0,160.0,1058.0,2.0, [ - ]  [+: 0.0]  [-: 4.43636501406e-13] 
1.0,51.58,15.0,1.0,1.0,7.0,1.0,8.5,1.0,1.0,9.0,1.0,1.0,0.0,0.0,1.0, [ + ]  [+: 4.31813762875e-17]  [-: 0.0] 
1.0,39.92,5.0,1.0,1.0,10.0,3.0,0.21,2.0,2.0,0.0,1.0,1.0,550.0,0.0,2.0, [ - ]  [+: 0.0]  [-: 8.24746047063e-14] 
1.0,21.83,1.54,1.0,1.0,6.0,1.0,0.085,2.0,2.0,0.0,2.0,1.0,356.0,0.0,2.0, [ - ]  [+: 0.0]  [-: 2.67131647457e-13] 
2.0,41.58,1.04,1.0,1.0,12.0,1.0,0.665,2.0,2.0,0.0,1.0,1.0,240.0,237.0,2.0, [ - ]  [+: 0.0]  [-: 2.83311585349e-13] 
1.0,21.5,9.75,1.0,1.0,7.0,1.0,0.25,1.0,2.0,0.0,1.0,1.0,140.0,0.0,2.0, [ - ]  [+: 0.0]  [-: 2.92271694445e-14] 
1.0,52.33,1.375,2.0,2.0,7.0,2.0,9.46,1.0,2.0,0.0,2.0,1.0,200.0,100.0,2.0, [ - ]  [+: 0.0]  [-: 4.73300638917e-17] 
2.0,31.92,3.125,1.0,1.0,13.0,4.0,3.04,2.0,1.0,2.0,2.0,1.0,200.0,4.0,2.0, [ - ]  [+: 0.0]  [-: 2.86020176912e-13] 
1.0,32.42,3.0,1.0,1.0,8.0,1.0,0.165,2.0,2.0,0.0,2.0,1.0,120.0,0.0,2.0, [ - ]  [+: 0.0]  [-: 5.66823351015e-13] 
1.0,41.5,1.54,1.0,1.0,10.0,3.0,3.5,2.0,2.0,0.0,1.0,1.0,216.0,0.0,1.0, [ - ]  [WRONG] [+: 1.38989472435e-17]  [-: 0.0] 
1.0,31.5681710914,0.375,1.0,1.0,8.0,1.0,0.875,1.0,2.0,0.0,2.0,2.0,928.0,0.0,2.0, [ - ]  [+: 0.0]  [-: 1.0805505031e-16] 
1.0,48.08,6.04,1.0,1.0,6.0,1.0,0.04,2.0,2.0,0.0,1.0,1.0,0.0,2690.0,1.0, [ - ]  [WRONG] [+: 6.8218795174e-18]  [-: 0.0] 
1.0,21.08,4.125,2.0,2.0,10.0,2.0,0.04,2.0,2.0,0.0,1.0,1.0,140.0,100.0,2.0, [ - ]  [+: 0.0]  [-: 7.63570299401e-13] 
1.0,47.83,4.165,1.0,1.0,9.0,3.0,0.085,2.0,2.0,0.0,2.0,1.0,520.0,0.0,2.0, [ - ]  [+: 0.0]  [-: 8.84871110207e-15] 
1.0,26.67,14.585,1.0,1.0,10.0,3.0,0.0,2.0,2.0,0.0,2.0,1.0,178.0,0.0,2.0, [ - ]  [+: 0.0]  [-: 2.64860322567e-14] 
1.0,18.17,10.25,1.0,1.0,7.0,2.0,1.085,2.0,2.0,0.0,1.0,1.0,320.0,13.0,2.0, [ - ]  [+: 0.0]  [-: 5.71975998422e-14] 
1.0,27.58,3.25,2.0,2.0,2.0,2.0,5.085,2.0,1.0,2.0,2.0,1.0,369.0,1.0,2.0, [ - ]  [+: 0.0]  [-: 3.32412922775e-14] 
1.0,34.42,1.335,1.0,1.0,10.0,3.0,0.125,2.0,2.0,0.0,2.0,1.0,440.0,4500.0,2.0, [ + ]  [WRONG] [+: 0.0]  [-: 5.4369090134e-21] 
2.0,49.0,1.5,1.0,1.0,14.0,5.0,0.0,1.0,2.0,0.0,2.0,1.0,100.0,27.0,2.0, [ - ]  [+: 0.0]  [-: 2.47145680114e-14] 
1.0,21.0,3.0,2.0,2.0,8.0,1.0,1.085,1.0,1.0,8.0,2.0,1.0,160.0,1.0,1.0, [ - ]  [WRONG] [+: 9.45734578667e-17]  [-: 0.0] 
1.0,32.08,4.0,2.0,2.0,5.0,1.0,1.5,2.0,2.0,0.0,2.0,1.0,120.0,0.0,2.0, [ - ]  [+: 0.0]  [-: 5.42961318322e-13] 
2.0,52.5,7.0,1.0,1.0,12.0,2.0,3.0,2.0,2.0,0.0,1.0,1.0,0.0,0.0,2.0, [ - ]  [+: 0.0]  [-: 1.93541383097e-14] 
1.0,25.92,0.875,1.0,1.0,6.0,1.0,0.375,2.0,1.0,2.0,2.0,1.0,174.0,3.0,2.0, [ - ]  [+: 0.0]  [-: 1.39833226777e-13] 
1.0,39.42,1.71,2.0,2.0,3.0,1.0,0.165,2.0,2.0,0.0,1.0,2.0,400.0,0.0,2.0, [ - ]  [+: 0.0]  [-: 5.57898261874e-13] 
1.0,73.42,17.75,1.0,1.0,13.0,4.0,0.0,1.0,2.0,0.0,2.0,1.0,0.0,0.0,1.0, [ - ]  [WRONG] [+: 2.46179389709e-20]  [-: 0.0] 
1.0,27.67,2.0,1.0,1.0,9.0,2.0,1.0,1.0,1.0,4.0,1.0,1.0,140.0,7544.0,1.0, [ + ]  [+: 2.42576051826e-15]  [-: 0.0] 
1.0,36.67,3.25,1.0,1.0,2.0,2.0,9.0,1.0,2.0,0.0,2.0,1.0,102.0,639.0,1.0, [ + ]  [+: 3.6075824682e-16]  [-: 0.0] 
1.0,24.58,12.5,1.0,1.0,1.0,1.0,0.875,1.0,2.0,0.0,2.0,1.0,260.0,0.0,2.0, [ - ]  [+: 0.0]  [-: 1.07225239736e-14] 
2.0,34.83,1.25,2.0,2.0,10.0,2.0,0.5,2.0,2.0,0.0,2.0,1.0,160.0,0.0,2.0, [ - ]  [+: 0.0]  [-: 8.14321823142e-13] 
2.0,18.92,9.25,2.0,2.0,7.0,1.0,1.0,1.0,1.0,4.0,2.0,1.0,80.0,500.0,1.0, [ - ]  [WRONG] [+: 1.78645985766e-16]  [-: 0.0] 
1.0,18.83,3.54,2.0,2.0,13.0,4.0,0.0,2.0,2.0,0.0,2.0,1.0,180.0,1.0,2.0, [ - ]  [+: 0.0]  [-: 1.38440968713e-12] 
1.0,33.17,1.04,1.0,1.0,4.0,2.0,6.5,1.0,2.0,0.0,2.0,1.0,164.0,31285.0,1.0, [ + ]  [+: 2.54647190565e-18]  [-: 0.0] 
1.0,22.67,0.75,1.0,1.0,10.0,1.0,1.585,2.0,1.0,1.0,2.0,1.0,400.0,9.0,2.0, [ - ]  [+: 0.0]  [-: 9.67256738682e-14] 
1.0,25.08,1.71,1.0,1.0,9.0,1.0,1.665,1.0,1.0,1.0,2.0,1.0,395.0,20.0,1.0, [ - ]  [WRONG] [+: 5.59196201335e-16]  [-: 0.0] 
2.0,36.58,0.29,1.0,1.0,13.0,4.0,0.0,2.0,1.0,10.0,1.0,1.0,200.0,18.0,2.0, [ - ]  [+: 0.0]  [-: 6.11853654123e-18] 
1.0,19.17,0.0,2.0,2.0,3.0,3.0,0.0,2.0,2.0,0.0,2.0,2.0,500.0,1.0,1.0, [ - ]  [WRONG] [+: 1.20730909653e-19]  [-: 0.0] 
2.0,20.75,10.335,1.0,1.0,5.0,2.0,0.335,1.0,1.0,1.0,2.0,1.0,80.0,50.0,1.0, [ - ]  [WRONG] [+: 1.17433781009e-15]  [-: 0.0] 
1.0,33.17,3.165,2.0,2.0,9.0,1.0,3.165,1.0,1.0,3.0,2.0,1.0,380.0,0.0,1.0, [ - ]  [WRONG] [+: 2.8268776078e-16]  [-: 0.0] 
1.0,21.17,0.25,2.0,2.0,7.0,2.0,0.25,2.0,2.0,0.0,1.0,1.0,280.0,204.0,2.0, [ - ]  [+: 0.0]  [-: 3.70509279931e-13] 
1.0,19.5,9.585,1.0,1.0,12.0,1.0,0.79,2.0,2.0,0.0,1.0,1.0,80.0,350.0,2.0, [ - ]  [+: 0.0]  [-: 1.38150809656e-13] 
1.0,50.75,0.585,1.0,1.0,13.0,4.0,0.0,2.0,2.0,0.0,1.0,1.0,145.0,0.0,2.0, [ - ]  [+: 0.0]  [-: 1.26390458919e-13] 
1.0,21.17,0.0,1.0,1.0,7.0,1.0,0.5,2.0,2.0,0.0,2.0,2.0,0.0,0.0,2.0, [ - ]  [+: 0.0]  [-: 1.69929464588e-13] 
1.0,20.5,10.0,2.0,2.0,7.0,1.0,2.5,1.0,2.0,0.0,1.0,2.0,40.0,0.0,1.0, [ - ]  [WRONG] [+: 2.58419554704e-17]  [-: 0.0] 
2.0,22.42,5.665,1.0,1.0,2.0,1.0,2.585,1.0,1.0,7.0,1.0,1.0,129.0,3257.0,1.0, [ + ]  [+: 1.78293788927e-15]  [-: 0.0] 
2.0,25.25,12.5,1.0,1.0,8.0,1.0,1.0,2.0,2.0,0.0,2.0,1.0,180.0,1062.0,2.0, [ - ]  [+: 0.0]  [-: 4.71527338332e-14] 
1.0,24.83,2.75,1.0,1.0,7.0,1.0,2.25,1.0,1.0,6.0,1.0,1.0,184.014771049,600.0,1.0, [ + ]  [+: 1.30531565376e-15]  [-: 0.0] 
1.0,21.08,10.085,2.0,2.0,11.0,2.0,1.25,2.0,2.0,0.0,1.0,1.0,260.0,0.0,2.0, [ - ]  [+: 0.0]  [-: 1.67439386354e-13] 
1.0,58.58,2.71,1.0,1.0,7.0,1.0,2.415,2.0,2.0,0.0,2.0,1.0,320.0,0.0,2.0, [ - ]  [+: 0.0]  [-: 1.13739381415e-14] 
2.0,20.5,11.835,1.0,1.0,7.0,2.0,6.0,1.0,2.0,0.0,1.0,1.0,340.0,0.0,1.0, [ - ]  [WRONG] [+: 1.0865476462e-16]  [-: 0.0] 
1.0,36.17,5.5,1.0,1.0,10.0,3.0,5.0,2.0,2.0,0.0,1.0,1.0,210.0,687.0,2.0, [ - ]  [+: 0.0]  [-: 1.59526536171e-13] 
1.0,41.17,1.335,1.0,1.0,8.0,1.0,0.165,2.0,2.0,0.0,1.0,1.0,168.0,0.0,2.0, [ - ]  [+: 0.0]  [-: 3.37472266651e-13] 
1.0,25.58,0.335,1.0,1.0,6.0,2.0,3.5,2.0,2.0,0.0,2.0,1.0,340.0,0.0,2.0, [ - ]  [+: 0.0]  [-: 1.60151165992e-13] 
1.0,26.0,1.0,1.0,1.0,2.0,1.0,1.75,1.0,2.0,0.0,2.0,1.0,280.0,0.0,1.0, [ - ]  [WRONG] [+: 3.19318506134e-16]  [-: 0.0] 
1.0,25.33,0.58,1.0,1.0,7.0,1.0,0.29,1.0,1.0,7.0,2.0,1.0,96.0,5124.0,1.0, [ + ]  [+: 7.20112455935e-16]  [-: 0.0] 
2.0,69.5,6.0,1.0,1.0,13.0,4.0,0.0,2.0,2.0,0.0,1.0,2.0,0.0,0.0,2.0, [ - ]  [+: 0.0]  [-: 1.0729026496e-15] 
1.0,23.17,11.125,1.0,1.0,9.0,2.0,0.46,1.0,1.0,1.0,1.0,1.0,100.0,0.0,1.0, [ - ]  [WRONG] [+: 1.38098261226e-15]  [-: 0.0] 
1.0,22.75,11.0,1.0,1.0,2.0,1.0,2.5,1.0,1.0,7.0,2.0,1.0,100.0,809.0,1.0, [ + ]  [+: 1.17819955988e-15]  [-: 0.0] 
1.0,32.83,2.5,1.0,1.0,5.0,2.0,2.75,1.0,1.0,6.0,1.0,1.0,160.0,2072.0,1.0, [ + ]  [+: 3.4959032978e-15]  [-: 0.0] 
2.0,50.25,0.835,1.0,1.0,12.0,1.0,0.5,2.0,2.0,0.0,2.0,1.0,240.0,117.0,2.0, [ - ]  [+: 0.0]  [-: 7.77732843446e-14] 
1.0,25.75,0.5,1.0,1.0,7.0,1.0,1.46,1.0,1.0,5.0,2.0,1.0,312.0,0.0,1.0, [ - ]  [WRONG] [+: 6.17982227945e-16]  [-: 0.0] 
2.0,23.5,9.0,1.0,1.0,2.0,1.0,8.5,1.0,1.0,5.0,2.0,1.0,120.0,0.0,1.0, [ + ]  [+: 8.34389803818e-16]  [-: 0.0] 
2.0,33.08,4.625,1.0,1.0,2.0,2.0,1.625,1.0,1.0,2.0,1.0,1.0,0.0,0.0,1.0, [ - ]  [WRONG] [+: 1.81301500874e-15]  [-: 0.0] 
1.0,36.25,5.0,1.0,1.0,7.0,3.0,2.5,1.0,1.0,6.0,1.0,1.0,0.0,367.0,1.0, [ + ]  [+: 1.09104964133e-15]  [-: 0.0] 
1.0,16.08,0.75,1.0,1.0,7.0,1.0,1.75,1.0,1.0,5.0,2.0,1.0,352.0,690.0,1.0, [ - ]  [WRONG] [+: 2.43563582643e-16]  [-: 0.0] 
1.0,39.17,2.5,2.0,2.0,10.0,2.0,10.0,2.0,2.0,0.0,2.0,2.0,200.0,0.0,2.0, [ - ]  [+: 0.0]  [-: 1.14699436338e-15] 
1.0,22.5,11.5,2.0,2.0,3.0,1.0,1.5,2.0,2.0,0.0,2.0,1.0,0.0,4000.0,2.0, [ + ]  [WRONG] [+: 0.0]  [-: 1.39184782181e-19] 
1.0,18.5,2.0,1.0,1.0,10.0,1.0,1.5,1.0,1.0,2.0,1.0,1.0,120.0,300.0,1.0, [ - ]  [WRONG] [+: 3.23615663367e-16]  [-: 0.0] 
1.0,22.17,0.585,2.0,2.0,13.0,4.0,0.0,2.0,2.0,0.0,1.0,1.0,100.0,0.0,2.0, [ - ]  [+: 0.0]  [-: 1.25085266758e-12] 
1.0,27.25,1.665,1.0,1.0,5.0,2.0,5.085,1.0,1.0,9.0,1.0,1.0,399.0,827.0,1.0, [ + ]  [+: 6.11529247784e-16]  [-: 0.0] 
1.0,25.25,1.0,1.0,1.0,12.0,1.0,0.5,2.0,2.0,0.0,1.0,1.0,200.0,0.0,2.0, [ - ]  [+: 0.0]  [-: 4.29192626205e-13] 
2.0,21.08,5.0,2.0,2.0,13.0,4.0,0.0,2.0,2.0,0.0,1.0,1.0,0.0,0.0,2.0, [ - ]  [+: 0.0]  [-: 9.95032170928e-13] 
1.0,39.17,1.625,1.0,1.0,7.0,1.0,1.5,1.0,1.0,10.0,1.0,1.0,186.0,4700.0,1.0, [ + ]  [+: 8.71858329057e-16]  [-: 0.0] 
2.0,39.08,4.0,1.0,1.0,7.0,1.0,3.0,2.0,2.0,0.0,1.0,1.0,480.0,0.0,2.0, [ - ]  [+: 0.0]  [-: 9.81873119759e-14] 
1.0,41.33,0.0,1.0,1.0,7.0,3.0,15.0,1.0,2.0,0.0,1.0,1.0,0.0,0.0,1.0, [ + ]  [+: 2.70527141667e-18]  [-: 0.0] 
1.0,40.83,3.5,1.0,1.0,10.0,3.0,0.5,2.0,2.0,0.0,1.0,2.0,1160.0,0.0,2.0, [ - ]  [+: 0.0]  [-: 1.89518936058e-18] 
2.0,57.08,0.335,1.0,1.0,10.0,3.0,1.0,1.0,2.0,0.0,2.0,1.0,252.0,2197.0,2.0, [ - ]  [+: 0.0]  [-: 1.24889081592e-16] 
1.0,31.0,2.085,1.0,1.0,7.0,1.0,0.085,2.0,2.0,0.0,1.0,1.0,300.0,0.0,2.0, [ - ]  [+: 0.0]  [-: 3.53833723692e-13] 
1.0,26.83,0.54,1.0,1.0,6.0,4.0,0.0,2.0,2.0,0.0,1.0,1.0,100.0,0.0,2.0, [ - ]  [+: 0.0]  [-: 5.66858901785e-13] 
1.0,20.5,2.415,1.0,1.0,7.0,1.0,2.0,1.0,1.0,11.0,2.0,1.0,200.0,3000.0,1.0, [ + ]  [+: 6.36004082328e-16]  [-: 0.0] 
2.0,24.5,1.04,2.0,2.0,13.0,4.0,0.5,1.0,1.0,3.0,1.0,1.0,180.0,147.0,2.0, [ - ]  [+: 0.0]  [-: 9.18053338264e-14] 
1.0,28.25,0.875,1.0,1.0,3.0,1.0,0.96,1.0,1.0,3.0,2.0,1.0,396.0,0.0,1.0, [ - ]  [WRONG] [+: 3.01871902974e-16]  [-: 0.0] 
2.0,48.17,1.335,1.0,1.0,10.0,7.0,0.335,2.0,2.0,0.0,1.0,1.0,0.0,120.0,2.0, [ - ]  [+: 0.0]  [-: 7.61012677616e-14] 
2.0,22.5,11.0,2.0,2.0,2.0,1.0,3.0,1.0,2.0,0.0,2.0,1.0,268.0,0.0,2.0, [ - ]  [+: 0.0]  [-: 2.65560467353e-14] 
1.0,21.58,0.79,2.0,2.0,5.0,1.0,0.665,2.0,2.0,0.0,1.0,1.0,160.0,0.0,2.0, [ - ]  [+: 0.0]  [-: 3.35190836038e-13] 
2.0,44.33,0.0,1.0,1.0,7.0,1.0,2.5,1.0,2.0,0.0,1.0,1.0,0.0,0.0,1.0, [ - ]  [WRONG] [+: 1.35924316547e-16]  [-: 0.0] 
1.0,31.5681710914,5.0,2.0,2.0,12.0,1.0,8.5,1.0,2.0,0.0,1.0,1.0,0.0,0.0,2.0, [ - ]  [+: 0.0]  [-: 1.7368397782e-15] 
2.0,47.42,8.0,1.0,1.0,11.0,3.0,6.5,1.0,1.0,6.0,1.0,1.0,375.0,51100.0,1.0, [ + ]  [+: 1.98728604984e-23]  [-: 0.0] 
2.0,22.58,10.75,1.0,1.0,2.0,1.0,0.415,1.0,1.0,5.0,2.0,1.0,0.0,560.0,1.0, [ + ]  [+: 6.50357848396e-16]  [-: 0.0] 
1.0,35.0,3.375,1.0,1.0,7.0,2.0,8.29,2.0,2.0,0.0,2.0,1.0,0.0,0.0,2.0, [ - ]  [+: 0.0]  [-: 2.19002172123e-15] 
1.0,24.33,6.625,2.0,2.0,8.0,1.0,5.5,1.0,2.0,0.0,2.0,2.0,100.0,0.0,1.0, [ - ]  [WRONG] [+: 2.29804163834e-17]  [-: 0.0] 
1.0,30.17,6.5,1.0,1.0,5.0,1.0,3.125,1.0,1.0,8.0,1.0,1.0,330.0,1200.0,1.0, [ + ]  [+: 1.43869543328e-15]  [-: 0.0] 
1.0,24.75,0.54,1.0,1.0,3.0,1.0,1.0,2.0,2.0,0.0,2.0,1.0,120.0,1.0,2.0, [ - ]  [+: 0.0]  [-: 3.08550468148e-13] 
1.0,80.25,5.5,1.0,1.0,7.0,1.0,0.54,1.0,2.0,0.0,1.0,1.0,0.0,340.0,2.0, [ - ]  [+: 0.0]  [-: 1.48373221518e-18] 
2.0,18.83,4.415,2.0,2.0,7.0,2.0,3.0,1.0,2.0,0.0,1.0,1.0,240.0,0.0,1.0, [ - ]  [WRONG] [+: 8.4171470587e-17]  [-: 0.0] 
1.0,18.25,0.165,1.0,1.0,8.0,1.0,0.25,2.0,2.0,0.0,2.0,2.0,280.0,0.0,2.0, [ - ]  [+: 0.0]  [-: 3.1287209962e-13] 
1.0,20.42,7.5,1.0,1.0,6.0,1.0,1.5,1.0,1.0,1.0,1.0,1.0,160.0,234.0,1.0, [ - ]  [WRONG] [+: 5.19408637733e-16]  [-: 0.0] 
1.0,23.5,2.75,1.0,1.0,13.0,4.0,4.5,2.0,2.0,0.0,1.0,1.0,160.0,25.0,2.0, [ - ]  [+: 0.0]  [-: 4.18535823199e-13] 
1.0,31.42,15.5,1.0,1.0,7.0,1.0,0.5,1.0,2.0,0.0,1.0,1.0,120.0,0.0,2.0, [ - ]  [+: 0.0]  [-: 2.62957682607e-15] 
2.0,30.42,1.375,1.0,1.0,1.0,2.0,0.04,2.0,1.0,3.0,1.0,1.0,0.0,33.0,2.0, [ - ]  [+: 0.0]  [-: 2.66773558886e-14] 
1.0,67.75,5.5,1.0,1.0,11.0,6.0,13.0,1.0,1.0,1.0,2.0,1.0,0.0,0.0,1.0, [ + ]  [+: 4.34862424932e-18]  [-: 0.0] 
1.0,36.33,2.125,2.0,2.0,1.0,1.0,0.085,1.0,1.0,1.0,1.0,1.0,50.0,1187.0,1.0, [ - ]  [WRONG] [+: 2.18813856587e-16]  [-: 0.0] 
1.0,29.83,2.04,2.0,2.0,9.0,2.0,0.04,2.0,2.0,0.0,1.0,1.0,128.0,1.0,2.0, [ - ]  [+: 0.0]  [-: 2.01698507892e-13] 
1.0,48.58,6.5,1.0,1.0,2.0,2.0,6.0,1.0,2.0,0.0,2.0,1.0,350.0,0.0,1.0, [ - ]  [WRONG] [+: 2.15755123459e-16]  [-: 0.0] 
1.0,25.0,11.25,1.0,1.0,7.0,1.0,2.5,1.0,1.0,17.0,1.0,1.0,200.0,1208.0,1.0, [ + ]  [+: 1.66279277066e-16]  [-: 0.0] 
2.0,60.92,5.0,1.0,1.0,12.0,1.0,4.0,1.0,1.0,4.0,1.0,1.0,0.0,99.0,1.0, [ + ]  [+: 9.71140690269e-17]  [-: 0.0] 
2.0,23.58,0.83,1.0,1.0,2.0,1.0,0.415,2.0,1.0,1.0,2.0,1.0,200.0,11.0,2.0, [ - ]  [+: 0.0]  [-: 7.69052941648e-14] 
1.0,25.17,3.5,1.0,1.0,5.0,1.0,0.625,1.0,1.0,7.0,1.0,1.0,0.0,7059.0,1.0, [ + ]  [+: 8.88922161627e-16]  [-: 0.0] 
1.0,21.5,11.5,1.0,1.0,10.0,1.0,0.5,1.0,2.0,0.0,2.0,1.0,100.0,68.0,2.0, [ - ]  [+: 0.0]  [-: 2.08668545938e-14] 
1.0,35.75,2.415,1.0,1.0,1.0,1.0,0.125,2.0,1.0,2.0,1.0,1.0,220.0,1.0,2.0, [ - ]  [+: 0.0]  [-: 1.00971503267e-13] 
2.0,37.75,5.5,1.0,1.0,2.0,1.0,0.125,1.0,2.0,0.0,2.0,1.0,228.0,0.0,1.0, [ - ]  [WRONG] [+: 5.2791750222e-16]  [-: 0.0] 
2.0,24.83,4.5,1.0,1.0,1.0,1.0,1.0,2.0,2.0,0.0,2.0,1.0,360.0,6.0,2.0, [ - ]  [+: 0.0]  [-: 2.57335298397e-13] 
1.0,59.67,1.54,1.0,1.0,2.0,1.0,0.125,1.0,2.0,0.0,2.0,1.0,260.0,0.0,1.0, [ - ]  [WRONG] [+: 4.75165293115e-17]  [-: 0.0] 
1.0,48.08,3.75,1.0,1.0,10.0,3.0,1.0,2.0,2.0,0.0,1.0,1.0,100.0,2.0,2.0, [ - ]  [+: 0.0]  [-: 1.71957439027e-13] 
2.0,30.25,5.5,1.0,1.0,6.0,1.0,5.5,2.0,2.0,0.0,2.0,2.0,100.0,0.0,2.0, [ - ]  [+: 0.0]  [-: 1.58764429195e-13] 
1.0,28.75,1.5,2.0,2.0,7.0,1.0,1.5,1.0,2.0,0.0,2.0,1.0,0.0,225.0,2.0, [ - ]  [+: 0.0]  [-: 1.33071895835e-13] 
1.0,35.17,4.5,1.0,1.0,9.0,2.0,5.75,2.0,2.0,0.0,2.0,2.0,711.0,0.0,1.0, [ - ]  [WRONG] [+: 9.09800761292e-20]  [-: 0.0] 
1.0,24.08,0.875,1.0,1.0,3.0,1.0,0.085,2.0,1.0,4.0,1.0,1.0,254.0,1950.0,2.0, [ - ]  [+: 0.0]  [-: 1.84152484294e-15] 
1.0,27.83,1.5,1.0,1.0,1.0,1.0,2.25,2.0,1.0,1.0,2.0,1.0,100.0,3.0,2.0, [ - ]  [+: 0.0]  [-: 1.12284267582e-13] 
1.0,49.17,2.29,1.0,1.0,13.0,4.0,0.29,2.0,2.0,0.0,1.0,1.0,200.0,3.0,2.0, [ - ]  [+: 0.0]  [-: 2.32540516206e-13] 
1.0,21.17,0.875,2.0,2.0,7.0,2.0,0.25,2.0,2.0,0.0,1.0,1.0,280.0,204.0,2.0, [ - ]  [+: 0.0]  [-: 4.15915513058e-13] 
1.0,25.0,12.5,1.0,1.0,12.0,1.0,3.0,1.0,2.0,0.0,2.0,2.0,20.0,0.0,1.0, [ - ]  [WRONG] [+: 6.75634882561e-17]  [-: 0.0] 
2.0,20.83,3.0,1.0,1.0,12.0,1.0,0.04,1.0,2.0,0.0,1.0,1.0,100.0,0.0,1.0, [ - ]  [WRONG] [+: 1.56045998308e-16]  [-: 0.0] 
1.0,52.42,1.5,1.0,1.0,8.0,1.0,3.75,2.0,2.0,0.0,2.0,1.0,0.0,350.0,2.0, [ - ]  [+: 0.0]  [-: 2.73156251624e-14] 
1.0,17.08,0.25,1.0,1.0,2.0,1.0,0.335,2.0,1.0,4.0,1.0,1.0,160.0,8.0,2.0, [ - ]  [+: 0.0]  [-: 1.08444438663e-14] 
1.0,25.67,12.5,1.0,1.0,5.0,1.0,1.21,1.0,1.0,67.0,2.0,1.0,140.0,258.0,1.0, [ + ]  [+: 2.37844570307e-35]  [-: 0.0] 
1.0,24.42,12.335,1.0,1.0,2.0,2.0,1.585,1.0,2.0,0.0,2.0,1.0,120.0,0.0,1.0, [ - ]  [WRONG] [+: 3.91451773719e-16]  [-: 0.0] 
2.0,25.0,0.875,1.0,1.0,9.0,2.0,1.04,1.0,2.0,0.0,2.0,1.0,160.0,5860.0,1.0, [ + ]  [+: 6.4278534572e-16]  [-: 0.0] 
1.0,25.42,0.54,1.0,1.0,1.0,1.0,0.165,2.0,1.0,1.0,1.0,1.0,272.0,444.0,2.0, [ - ]  [+: 0.0]  [-: 9.50941706814e-14] 
1.0,23.08,2.5,1.0,1.0,13.0,4.0,0.085,2.0,2.0,0.0,2.0,1.0,100.0,4208.0,2.0, [ + ]  [WRONG] [+: 0.0]  [-: 1.74003961917e-19] 
2.0,35.17,3.75,1.0,1.0,13.0,4.0,0.0,2.0,1.0,6.0,1.0,1.0,0.0,200.0,2.0, [ - ]  [+: 0.0]  [-: 7.05088211247e-15] 
1.0,34.58,0.0,1.0,1.0,7.0,1.0,0.0,2.0,2.0,0.0,1.0,3.0,184.014771049,0.0,2.0, [ - ]  [+: 0.0]  [-: 1.40574533039e-13] 
1.0,24.58,13.5,2.0,2.0,13.0,4.0,0.0,2.0,2.0,0.0,1.0,1.0,184.014771049,0.0,2.0, [ - ]  [+: 0.0]  [-: 1.85378842914e-13] 
1.0,41.0,0.04,1.0,1.0,11.0,1.0,0.04,2.0,1.0,1.0,1.0,2.0,560.0,0.0,1.0, [ - ]  [WRONG] [+: 1.21712358411e-18]  [-: 0.0] 
1.0,36.67,4.415,2.0,2.0,6.0,1.0,0.25,1.0,1.0,10.0,2.0,1.0,320.0,0.0,1.0, [ + ]  [+: 8.74500221798e-17]  [-: 0.0] 
2.0,58.67,4.46,1.0,1.0,2.0,2.0,3.04,1.0,1.0,6.0,1.0,1.0,43.0,560.0,1.0, [ + ]  [+: 4.21993242316e-16]  [-: 0.0] 
1.0,40.0,6.5,1.0,1.0,12.0,3.0,3.5,1.0,1.0,1.0,1.0,1.0,0.0,500.0,1.0, [ - ]  [WRONG] [+: 6.68028106008e-16]  [-: 0.0] 
1.0,25.75,0.75,1.0,1.0,7.0,3.0,0.25,1.0,2.0,0.0,1.0,1.0,349.0,23.0,1.0, [ - ]  [WRONG] [+: 1.04459852084e-16]  [-: 0.0] 
1.0,19.5,0.29,1.0,1.0,6.0,1.0,0.29,2.0,2.0,0.0,1.0,1.0,280.0,364.0,2.0, [ - ]  [+: 0.0]  [-: 2.64766958223e-13] 
1.0,41.17,1.25,2.0,2.0,1.0,1.0,0.25,2.0,2.0,0.0,1.0,1.0,0.0,195.0,2.0, [ - ]  [+: 0.0]  [-: 2.79118112904e-13] 
1.0,32.33,3.5,1.0,1.0,6.0,1.0,0.5,2.0,2.0,0.0,2.0,1.0,232.0,0.0,2.0, [ - ]  [+: 0.0]  [-: 6.1178926857e-13] 
1.0,42.83,1.25,1.0,1.0,3.0,1.0,13.875,2.0,1.0,1.0,2.0,1.0,352.0,112.0,2.0, [ + ]  [WRONG] [+: 0.0]  [-: 3.2674609494e-20] 
2.0,68.67,15.0,1.0,1.0,11.0,6.0,0.0,1.0,1.0,14.0,1.0,1.0,0.0,3376.0,1.0, [ + ]  [+: 4.3011027743e-18]  [-: 0.0] 
1.0,27.25,1.585,1.0,1.0,5.0,2.0,1.835,1.0,1.0,12.0,2.0,1.0,583.0,713.0,1.0, [ + ]  [+: 3.26312374839e-17]  [-: 0.0] 
1.0,42.75,4.085,1.0,1.0,12.0,1.0,0.04,2.0,2.0,0.0,1.0,1.0,108.0,100.0,2.0, [ - ]  [+: 0.0]  [-: 2.55647978134e-13] 
1.0,47.67,0.29,1.0,1.0,7.0,3.0,15.0,1.0,1.0,20.0,1.0,1.0,0.0,15000.0,1.0, [ + ]  [+: 1.4253131615e-19]  [-: 0.0] 
1.0,44.25,0.5,1.0,1.0,3.0,1.0,10.75,1.0,2.0,0.0,1.0,2.0,400.0,0.0,2.0, [ - ]  [+: 0.0]  [-: 9.22000984584e-18] 
2.0,23.75,0.71,1.0,1.0,1.0,1.0,0.25,2.0,1.0,1.0,2.0,1.0,240.0,4.0,2.0, [ - ]  [+: 0.0]  [-: 8.97870480034e-14] 
1.0,33.67,2.165,1.0,1.0,7.0,1.0,1.5,2.0,2.0,0.0,1.0,3.0,120.0,0.0,2.0, [ - ]  [+: 0.0]  [-: 2.23501201727e-13] 
1.0,23.92,0.585,2.0,2.0,5.0,2.0,0.125,2.0,2.0,0.0,1.0,1.0,240.0,1.0,2.0, [ - ]  [+: 0.0]  [-: 2.4417311506e-13] 
1.0,17.5,22.0,3.0,3.0,13.0,7.0,0.0,2.0,2.0,0.0,2.0,3.0,450.0,100000.0,1.0, [ + ]  [+: 6.42503560485e-49]  [-: 0.0] 
1.0,32.0,1.75,2.0,2.0,11.0,2.0,0.04,1.0,2.0,0.0,2.0,1.0,393.0,0.0,1.0, [ - ]  [WRONG] [+: 4.21656973398e-17]  [-: 0.0] 
2.0,17.83,11.0,1.0,1.0,9.0,2.0,1.0,1.0,1.0,11.0,1.0,1.0,0.0,3000.0,1.0, [ + ]  [+: 4.87869507446e-16]  [-: 0.0] 
1.0,54.83,15.5,1.0,1.0,11.0,6.0,0.0,1.0,1.0,20.0,1.0,1.0,152.0,130.0,2.0, [ + ]  [WRONG] [+: 0.0]  [-: 6.16640543628e-37] 
2.0,24.5,1.75,2.0,2.0,7.0,1.0,0.165,2.0,2.0,0.0,1.0,1.0,132.0,0.0,2.0, [ - ]  [+: 0.0]  [-: 7.58570114313e-13] 
1.0,39.92,0.54,2.0,2.0,12.0,1.0,0.5,1.0,1.0,3.0,1.0,1.0,200.0,1000.0,1.0, [ - ]  [WRONG] [+: 1.5331357112e-16]  [-: 0.0] 
1.0,32.67,5.5,1.0,1.0,2.0,2.0,5.5,1.0,1.0,12.0,2.0,1.0,408.0,1000.0,1.0, [ + ]  [+: 5.03036764712e-16]  [-: 0.0] 
2.0,21.5,6.0,1.0,1.0,12.0,1.0,2.5,1.0,1.0,3.0,1.0,1.0,80.0,918.0,1.0, [ - ]  [WRONG] [+: 8.54715420449e-16]  [-: 0.0] 
1.0,36.33,3.79,1.0,1.0,1.0,1.0,1.165,1.0,2.0,0.0,2.0,1.0,200.0,0.0,2.0, [ - ]  [+: 0.0]  [-: 8.17473951021e-14] 
2.0,28.67,1.04,1.0,1.0,7.0,1.0,2.5,1.0,1.0,5.0,2.0,1.0,300.0,1430.0,1.0, [ + ]  [+: 9.37114569156e-16]  [-: 0.0] 
1.0,23.25,4.0,1.0,1.0,7.0,3.0,0.25,1.0,2.0,0.0,2.0,1.0,160.0,0.0,1.0, [ - ]  [WRONG] [+: 3.09380747374e-16]  [-: 0.0] 
2.0,25.75,0.5,1.0,1.0,7.0,2.0,0.875,1.0,2.0,0.0,2.0,1.0,491.0,0.0,1.0, [ - ]  [WRONG] [+: 3.52189516947e-17]  [-: 0.0] 
1.0,26.17,0.25,1.0,1.0,10.0,3.0,0.0,1.0,2.0,0.0,2.0,1.0,0.0,0.0,1.0, [ - ]  [WRONG] [+: 6.25224702914e-17]  [-: 0.0] 
2.0,20.42,0.835,1.0,1.0,2.0,1.0,1.585,1.0,1.0,1.0,1.0,1.0,0.0,0.0,1.0, [ - ]  [WRONG] [+: 4.99122065055e-16]  [-: 0.0] 
2.0,27.17,1.25,1.0,1.0,13.0,4.0,0.0,2.0,1.0,1.0,1.0,1.0,92.0,300.0,2.0, [ - ]  [+: 0.0]  [-: 2.92267561191e-13] 
1.0,16.33,2.75,1.0,1.0,12.0,1.0,0.665,2.0,1.0,1.0,1.0,1.0,80.0,21.0,2.0, [ - ]  [+: 0.0]  [-: 8.52927409017e-14] 
2.0,19.17,0.585,2.0,2.0,12.0,1.0,0.585,1.0,2.0,0.0,2.0,1.0,160.0,0.0,2.0, [ - ]  [+: 0.0]  [-: 1.29546085981e-13] 
1.0,31.08,1.5,2.0,2.0,1.0,1.0,0.04,2.0,2.0,0.0,1.0,2.0,160.0,0.0,2.0, [ - ]  [+: 0.0]  [-: 1.03413959081e-12] 
1.0,26.33,13.0,1.0,1.0,11.0,8.0,0.0,2.0,2.0,0.0,2.0,1.0,140.0,1110.0,2.0, [ - ]  [+: 0.0]  [-: 1.80688945084e-14] 
1.0,49.5,7.585,1.0,1.0,10.0,3.0,7.585,1.0,1.0,15.0,2.0,1.0,0.0,5000.0,1.0, [ + ]  [+: 4.63077634951e-17]  [-: 0.0] 
2.0,36.0,1.0,1.0,1.0,7.0,1.0,2.0,1.0,1.0,11.0,1.0,1.0,0.0,456.0,1.0, [ + ]  [+: 4.82964584251e-16]  [-: 0.0] 
1.0,33.17,3.04,2.0,2.0,7.0,2.0,2.04,1.0,1.0,1.0,2.0,1.0,180.0,18027.0,1.0, [ + ]  [+: 9.37915344478e-17]  [-: 0.0] 
1.0,33.75,2.75,1.0,1.0,10.0,3.0,0.0,2.0,2.0,0.0,1.0,1.0,180.0,0.0,2.0, [ - ]  [+: 0.0]  [-: 5.93111693872e-13] 
1.0,39.0,5.0,1.0,1.0,5.0,1.0,3.5,1.0,1.0,10.0,2.0,1.0,0.0,0.0,1.0, [ + ]  [+: 1.27359626212e-15]  [-: 0.0] 
1.0,33.58,0.25,1.0,1.0,10.0,3.0,4.0,2.0,2.0,0.0,2.0,2.0,420.0,0.0,2.0, [ - ]  [+: 0.0]  [-: 1.82158808891e-13] 
2.0,19.67,0.21,1.0,1.0,2.0,2.0,0.29,1.0,1.0,11.0,1.0,1.0,80.0,99.0,1.0, [ + ]  [+: 5.10254503961e-16]  [-: 0.0] 
1.0,26.67,2.71,2.0,2.0,5.0,1.0,5.25,1.0,1.0,1.0,1.0,1.0,211.0,0.0,1.0, [ - ]  [WRONG] [+: 4.04405519331e-16]  [-: 0.0] 
1.0,22.67,0.165,1.0,1.0,7.0,5.0,2.25,2.0,2.0,0.0,2.0,2.0,0.0,0.0,1.0, [ - ]  [WRONG] [+: 5.38413656058e-18]  [-: 0.0] 
1.0,37.58,0.0,1.0,1.0,7.0,1.0,0.0,2.0,2.0,0.0,1.0,3.0,184.014771049,0.0,1.0, [ - ]  [WRONG] [+: 2.95040364974e-17]  [-: 0.0] 
2.0,23.58,11.5,2.0,2.0,6.0,2.0,3.0,2.0,2.0,0.0,2.0,1.0,20.0,16.0,2.0, [ - ]  [+: 0.0]  [-: 1.0172735925e-13] 
1.0,30.83,0.0,1.0,1.0,1.0,1.0,1.25,1.0,1.0,1.0,1.0,1.0,202.0,0.0,1.0, [ - ]  [WRONG] [+: 9.32907019418e-16]  [-: 0.0] 
1.0,27.83,4.0,2.0,2.0,10.0,2.0,5.75,1.0,1.0,2.0,2.0,1.0,75.0,0.0,2.0, [ - ]  [+: 0.0]  [-: 1.17587202978e-14] 
2.0,17.92,10.21,1.0,1.0,13.0,4.0,0.0,2.0,2.0,0.0,1.0,1.0,0.0,50.0,2.0, [ - ]  [+: 0.0]  [-: 1.14912610035e-13] 
2.0,51.92,6.5,1.0,1.0,10.0,3.0,3.085,2.0,2.0,0.0,2.0,1.0,73.0,0.0,2.0, [ - ]  [+: 0.0]  [-: 4.97148723734e-14] 
2.0,31.75,3.0,2.0,2.0,14.0,5.0,0.0,2.0,2.0,0.0,1.0,1.0,160.0,20.0,2.0, [ - ]  [+: 0.0]  [-: 1.57157922455e-12] 
1.0,62.75,7.0,1.0,1.0,11.0,6.0,0.0,2.0,2.0,0.0,1.0,1.0,0.0,12.0,2.0, [ - ]  [+: 0.0]  [-: 8.67392200932e-16] 
1.0,34.83,4.0,1.0,1.0,8.0,3.0,12.5,1.0,2.0,0.0,2.0,1.0,184.014771049,0.0,2.0, [ + ]  [WRONG] [+: 0.0]  [-: 1.62618036719e-18] 
1.0,22.0,7.835,2.0,2.0,10.0,3.0,0.165,2.0,2.0,0.0,2.0,1.0,184.014771049,0.0,2.0, [ - ]  [+: 0.0]  [-: 7.50624388513e-13] 
2.0,21.25,2.335,1.0,1.0,10.0,3.0,0.5,1.0,1.0,4.0,1.0,2.0,80.0,0.0,1.0, [ - ]  [WRONG] [+: 1.95752742871e-16]  [-: 0.0] 
1.0,39.58,13.915,1.0,1.0,1.0,1.0,8.625,1.0,1.0,6.0,2.0,1.0,70.0,0.0,1.0, [ + ]  [+: 2.88388869001e-16]  [-: 0.0] 
1.0,64.08,20.0,1.0,1.0,9.0,2.0,17.5,1.0,1.0,9.0,2.0,1.0,0.0,1000.0,1.0, [ + ]  [+: 1.53702625287e-20]  [-: 0.0] 
1.0,31.33,19.5,1.0,1.0,7.0,1.0,7.0,1.0,1.0,16.0,1.0,1.0,0.0,5000.0,1.0, [ + ]  [+: 8.40719924815e-18]  [-: 0.0] 
1.0,38.58,3.335,1.0,1.0,1.0,1.0,4.0,1.0,1.0,14.0,1.0,1.0,383.0,1344.0,1.0, [ + ]  [+: 2.44938546849e-16]  [-: 0.0] 
1.0,23.33,1.5,1.0,1.0,7.0,2.0,1.415,1.0,2.0,0.0,1.0,1.0,422.0,200.0,1.0, [ - ]  [WRONG] [+: 8.54044324175e-17]  [-: 0.0] 
2.0,28.42,3.5,1.0,1.0,1.0,1.0,0.835,1.0,2.0,0.0,1.0,2.0,280.0,0.0,1.0, [ - ]  [WRONG] [+: 1.90234668489e-16]  [-: 0.0] 
1.0,28.0,2.0,1.0,1.0,6.0,2.0,4.165,1.0,1.0,2.0,2.0,1.0,181.0,0.0,1.0, [ - ]  [WRONG] [+: 1.08847236421e-15]  [-: 0.0] 
1.0,29.58,4.5,1.0,1.0,1.0,1.0,7.5,1.0,1.0,2.0,2.0,1.0,330.0,0.0,1.0, [ - ]  [WRONG] [+: 6.94566763181e-16]  [-: 0.0] 
1.0,52.5,6.5,1.0,1.0,6.0,1.0,6.29,1.0,1.0,15.0,1.0,1.0,0.0,11202.0,1.0, [ + ]  [+: 3.11173614209e-17]  [-: 0.0] 
1.0,18.0,0.165,1.0,1.0,2.0,9.0,0.21,2.0,2.0,0.0,1.0,1.0,200.0,40.0,1.0, [ + ]  [+: 3.12094088266e-17]  [-: 0.0] 
1.0,32.75,1.5,1.0,1.0,5.0,2.0,5.5,1.0,1.0,3.0,2.0,1.0,0.0,0.0,1.0, [ + ]  [+: 1.64881587017e-15]  [-: 0.0] 
1.0,25.67,0.29,2.0,2.0,7.0,1.0,1.5,2.0,2.0,0.0,2.0,1.0,160.0,0.0,2.0, [ - ]  [+: 0.0]  [-: 7.20322602039e-13] 
1.0,23.58,0.835,1.0,1.0,10.0,2.0,0.085,2.0,2.0,0.0,2.0,1.0,220.0,5.0,2.0, [ - ]  [+: 0.0]  [-: 2.83140220535e-13] 
2.0,28.5,3.04,2.0,2.0,9.0,2.0,2.54,1.0,1.0,1.0,1.0,1.0,70.0,0.0,1.0, [ - ]  [WRONG] [+: 6.88492831266e-16]  [-: 0.0] 
1.0,43.17,5.0,1.0,1.0,10.0,3.0,2.25,2.0,2.0,0.0,2.0,1.0,141.0,0.0,2.0, [ - ]  [+: 0.0]  [-: 3.09073072491e-13] 
1.0,32.25,0.165,2.0,2.0,7.0,2.0,3.25,1.0,1.0,1.0,2.0,1.0,432.0,8000.0,1.0, [ + ]  [+: 6.1312448506e-17]  [-: 0.0] 
2.0,33.67,0.375,1.0,1.0,5.0,1.0,0.375,2.0,2.0,0.0,1.0,1.0,300.0,44.0,1.0, [ - ]  [WRONG] [+: 2.39798328901e-17]  [-: 0.0] 
2.0,27.58,3.0,1.0,1.0,3.0,1.0,2.79,2.0,1.0,1.0,2.0,1.0,280.0,10.0,2.0, [ - ]  [+: 0.0]  [-: 1.47817840714e-13] 
1.0,22.67,2.54,2.0,2.0,7.0,2.0,2.585,1.0,2.0,0.0,1.0,1.0,0.0,0.0,1.0, [ - ]  [WRONG] [+: 6.35918746012e-17]  [-: 0.0] 
2.0,21.75,11.75,1.0,1.0,7.0,1.0,0.25,2.0,2.0,0.0,2.0,1.0,180.0,0.0,2.0, [ - ]  [+: 0.0]  [-: 6.02786485505e-14] 
2.0,20.33,10.0,1.0,1.0,7.0,2.0,1.0,1.0,1.0,4.0,1.0,1.0,50.0,1465.0,1.0, [ + ]  [+: 8.57477160882e-16]  [-: 0.0] 
1.0,41.92,0.42,1.0,1.0,7.0,2.0,0.21,1.0,1.0,6.0,1.0,1.0,220.0,948.0,1.0, [ + ]  [+: 9.44081496341e-16]  [-: 0.0] 
2.0,41.17,6.5,1.0,1.0,2.0,1.0,0.5,1.0,1.0,3.0,2.0,1.0,145.0,0.0,1.0, [ - ]  [WRONG] [+: 1.90015137218e-15]  [-: 0.0] 
1.0,29.17,3.5,1.0,1.0,1.0,1.0,3.5,1.0,1.0,3.0,2.0,1.0,329.0,0.0,2.0, [ - ]  [+: 0.0]  [-: 1.01367788705e-14] 
1.0,20.42,1.835,1.0,1.0,7.0,1.0,2.25,1.0,1.0,1.0,1.0,1.0,100.0,150.0,1.0, [ - ]  [WRONG] [+: 7.19325886819e-16]  [-: 0.0] 
2.0,22.83,2.29,1.0,1.0,2.0,2.0,2.29,1.0,1.0,7.0,2.0,1.0,140.0,2384.0,1.0, [ + ]  [+: 2.16647664102e-15]  [-: 0.0] 
1.0,26.75,1.125,1.0,1.0,9.0,2.0,1.25,1.0,2.0,0.0,1.0,1.0,0.0,5298.0,1.0, [ + ]  [+: 4.08297126933e-16]  [-: 0.0] 
1.0,26.17,12.5,2.0,2.0,6.0,2.0,1.25,2.0,2.0,0.0,2.0,1.0,0.0,17.0,2.0, [ - ]  [+: 0.0]  [-: 8.54534540738e-14] 
1.0,22.17,2.25,1.0,1.0,10.0,1.0,0.125,2.0,2.0,0.0,1.0,1.0,160.0,10.0,2.0, [ - ]  [+: 0.0]  [-: 4.60072356348e-13] 
1.0,36.42,0.75,2.0,2.0,8.0,1.0,0.585,2.0,2.0,0.0,1.0,1.0,240.0,3.0,2.0, [ - ]  [+: 0.0]  [-: 1.10098072642e-12] 
1.0,27.67,0.75,1.0,1.0,2.0,2.0,0.165,2.0,2.0,0.0,2.0,1.0,220.0,251.0,2.0, [ - ]  [+: 0.0]  [-: 1.64421506039e-13] 
1.0,16.25,0.0,2.0,2.0,12.0,1.0,0.25,2.0,2.0,0.0,1.0,1.0,60.0,0.0,2.0, [ - ]  [+: 0.0]  [-: 2.97464846326e-13] 
2.0,18.75,7.5,1.0,1.0,2.0,1.0,2.71,1.0,1.0,5.0,1.0,1.0,184.014771049,26726.0,1.0, [ + ]  [+: 2.11615069253e-17]  [-: 0.0] 
1.0,44.25,11.0,2.0,2.0,8.0,1.0,1.5,1.0,2.0,0.0,1.0,2.0,0.0,0.0,2.0, [ - ]  [+: 0.0]  [-: 3.73200287889e-14] 
1.0,34.08,0.08,2.0,2.0,3.0,3.0,0.04,1.0,1.0,1.0,2.0,1.0,280.0,2000.0,1.0, [ - ]  [WRONG] [+: 1.27656951874e-16]  [-: 0.0] 
2.0,24.5,0.5,1.0,1.0,2.0,2.0,1.5,1.0,2.0,0.0,1.0,1.0,280.0,824.0,1.0, [ - ]  [WRONG] [+: 3.46610731583e-16]  [-: 0.0] 
2.0,31.25,3.75,1.0,1.0,5.0,2.0,0.625,1.0,1.0,9.0,2.0,1.0,181.0,0.0,1.0, [ + ]  [+: 2.6591702753e-15]  [-: 0.0] 
2.0,23.42,0.79,2.0,2.0,2.0,1.0,1.5,1.0,1.0,2.0,2.0,1.0,80.0,400.0,1.0, [ - ]  [WRONG] [+: 2.57403898196e-16]  [-: 0.0] 
1.0,39.08,6.0,1.0,1.0,3.0,1.0,1.29,1.0,1.0,5.0,2.0,1.0,108.0,1097.0,1.0, [ + ]  [+: 1.57812479979e-15]  [-: 0.0] 
1.0,20.0,7.0,1.0,1.0,7.0,1.0,0.5,2.0,2.0,0.0,1.0,1.0,0.0,0.0,2.0, [ - ]  [+: 0.0]  [-: 1.41177080752e-13] 
2.0,16.5,1.25,1.0,1.0,2.0,1.0,0.25,2.0,1.0,1.0,1.0,1.0,108.0,98.0,2.0, [ - ]  [+: 0.0]  [-: 4.24256728521e-14] 
1.0,35.25,16.5,2.0,2.0,7.0,1.0,4.0,1.0,2.0,0.0,1.0,1.0,80.0,0.0,2.0, [ - ]  [+: 0.0]  [-: 1.47411050123e-15] 
1.0,18.33,1.21,2.0,2.0,11.0,8.0,0.0,2.0,2.0,0.0,1.0,1.0,100.0,0.0,2.0, [ - ]  [+: 0.0]  [-: 3.78727688965e-13] 
1.0,39.5,1.625,1.0,1.0,7.0,1.0,1.5,2.0,2.0,0.0,1.0,1.0,0.0,316.0,2.0, [ - ]  [+: 0.0]  [-: 1.86536604367e-13] 
2.0,19.75,0.75,1.0,1.0,7.0,1.0,0.795,1.0,1.0,5.0,2.0,1.0,140.0,5.0,2.0, [ - ]  [+: 0.0]  [-: 1.9179563094e-15] 
1.0,20.08,0.125,1.0,1.0,2.0,1.0,1.0,2.0,1.0,1.0,1.0,1.0,240.0,768.0,1.0, [ - ]  [WRONG] [+: 5.2170034796e-17]  [-: 0.0] 
1.0,16.0,3.125,1.0,1.0,1.0,1.0,0.085,2.0,1.0,1.0,1.0,1.0,0.0,6.0,2.0, [ - ]  [+: 0.0]  [-: 3.68331789797e-14] 
1.0,53.92,9.625,1.0,1.0,11.0,1.0,8.665,1.0,1.0,5.0,1.0,1.0,0.0,0.0,1.0, [ + ]  [+: 1.5027019892e-16]  [-: 0.0] 
2.0,33.92,1.585,2.0,2.0,13.0,4.0,0.0,1.0,2.0,0.0,1.0,1.0,320.0,0.0,2.0, [ - ]  [+: 0.0]  [-: 3.77833338639e-13] 
2.0,26.08,8.665,1.0,1.0,12.0,1.0,1.415,1.0,2.0,0.0,1.0,1.0,160.0,150.0,1.0, [ - ]  [WRONG] [+: 2.91947338034e-16]  [-: 0.0] 
1.0,21.83,11.0,1.0,1.0,9.0,1.0,0.29,1.0,1.0,6.0,1.0,1.0,121.0,0.0,1.0, [ + ]  [+: 1.09729524934e-15]  [-: 0.0] 
1.0,37.17,4.0,1.0,1.0,7.0,3.0,5.0,1.0,2.0,0.0,2.0,2.0,280.0,0.0,2.0, [ - ]  [+: 0.0]  [-: 3.4917953549e-14] 
1.0,42.5,4.915,2.0,2.0,1.0,1.0,3.165,1.0,2.0,0.0,2.0,1.0,52.0,1442.0,1.0, [ - ]  [WRONG] [+: 1.09468937689e-16]  [-: 0.0] 
2.0,28.58,1.665,1.0,1.0,2.0,1.0,2.415,1.0,2.0,0.0,2.0,1.0,440.0,0.0,2.0, [ - ]  [+: 0.0]  [-: 2.68450214892e-14] 
1.0,28.17,0.585,1.0,1.0,12.0,1.0,0.04,2.0,2.0,0.0,1.0,1.0,260.0,1004.0,2.0, [ - ]  [+: 0.0]  [-: 2.19143800034e-13] 
1.0,43.17,2.25,1.0,1.0,10.0,3.0,0.75,1.0,2.0,0.0,1.0,1.0,560.0,0.0,2.0, [ - ]  [+: 0.0]  [-: 1.29197254666e-14] 
1.0,36.67,2.0,1.0,1.0,10.0,1.0,0.25,2.0,2.0,0.0,2.0,1.0,221.0,0.0,2.0, [ - ]  [+: 0.0]  [-: 4.77241275875e-13] 
1.0,31.5681710914,0.5,1.0,1.0,7.0,3.0,0.835,1.0,2.0,0.0,2.0,2.0,320.0,0.0,2.0, [ - ]  [+: 0.0]  [-: 9.02380655049e-14] 
1.0,16.33,4.085,1.0,1.0,10.0,2.0,0.415,2.0,2.0,0.0,2.0,1.0,120.0,0.0,2.0, [ - ]  [+: 0.0]  [-: 1.94672732441e-13] 
2.0,65.17,14.0,1.0,1.0,13.0,4.0,0.0,1.0,1.0,11.0,2.0,1.0,0.0,1400.0,1.0, [ + ]  [+: 1.11402875796e-18]  [-: 0.0] 
1.0,27.83,1.54,1.0,1.0,1.0,1.0,3.75,1.0,1.0,5.0,2.0,1.0,100.0,3.0,1.0, [ - ]  [WRONG] [+: 1.55239445649e-15]  [-: 0.0] 
1.0,31.67,16.165,1.0,1.0,8.0,1.0,3.0,1.0,1.0,9.0,1.0,1.0,250.0,730.0,1.0, [ + ]  [+: 1.0669560575e-16]  [-: 0.0] 
1.0,31.67,0.83,1.0,1.0,9.0,1.0,1.335,1.0,1.0,8.0,2.0,1.0,303.0,3290.0,1.0, [ + ]  [+: 1.27817354169e-15]  [-: 0.0] 
1.0,27.0,1.5,2.0,2.0,1.0,1.0,0.375,1.0,2.0,0.0,2.0,1.0,260.0,1065.0,1.0, [ - ]  [WRONG] [+: 6.96502916016e-17]  [-: 0.0] 
1.0,29.92,1.835,1.0,1.0,7.0,2.0,4.335,1.0,2.0,0.0,1.0,1.0,260.0,200.0,1.0, [ - ]  [WRONG] [+: 4.51304678459e-16]  [-: 0.0] 
2.0,32.17,1.46,1.0,1.0,1.0,1.0,1.085,1.0,1.0,16.0,1.0,1.0,120.0,2079.0,1.0, [ + ]  [+: 3.25108597325e-16]  [-: 0.0] 
1.0,43.25,3.0,1.0,1.0,2.0,2.0,6.0,1.0,1.0,11.0,1.0,1.0,80.0,0.0,1.0, [ + ]  [+: 1.08632838049e-15]  [-: 0.0] 
2.0,22.67,0.75,1.0,1.0,7.0,1.0,2.0,2.0,1.0,2.0,2.0,1.0,200.0,394.0,2.0, [ - ]  [+: 0.0]  [-: 9.00277636139e-14] 
2.0,57.08,19.5,1.0,1.0,7.0,1.0,5.5,1.0,1.0,7.0,1.0,1.0,0.0,3000.0,1.0, [ + ]  [+: 9.78569738531e-18]  [-: 0.0] 
2.0,24.58,0.67,1.0,1.0,12.0,2.0,1.75,1.0,2.0,0.0,1.0,1.0,400.0,0.0,2.0, [ - ]  [+: 0.0]  [-: 3.88868457668e-14] 
1.0,23.08,11.5,1.0,1.0,1.0,2.0,2.125,1.0,1.0,11.0,2.0,1.0,290.0,284.0,1.0, [ + ]  [+: 6.09801778516e-16]  [-: 0.0] 
2.0,21.92,11.665,1.0,1.0,6.0,2.0,0.085,2.0,2.0,0.0,1.0,1.0,320.0,5.0,2.0, [ - ]  [+: 0.0]  [-: 5.39179351074e-14] 
2.0,23.5,1.5,1.0,1.0,1.0,1.0,0.875,2.0,2.0,0.0,2.0,1.0,160.0,0.0,2.0, [ - ]  [+: 0.0]  [-: 2.82811703786e-13] 
