2.0,24.75,12.5,1.0,1.0,12.0,1.0,1.5,1.0,1.0,12.0,2.0,1.0,120.0,567.0,1.0, [ + ]  [+: 2.75573838662e-16]  [-: 0.0] 
1.0,21.0,4.79,2.0,2.0,1.0,1.0,2.25,1.0,1.0,1.0,2.0,1.0,80.0,300.0,1.0, [ - ]  [WRONG] [+: 4.42245126149e-16]  [-: 0.0] 
1.0,48.75,8.5,1.0,1.0,7.0,2.0,12.5,1.0,1.0,9.0,1.0,1.0,181.0,1655.0,1.0, [ + ]  [+: 1.01134911175e-16]  [-: 0.0] 
2.0,23.58,11.5,2.0,2.0,6.0,2.0,3.0,2.0,2.0,0.0,2.0,1.0,20.0,16.0,2.0, [ - ]  [+: 0.0]  [-: 7.53366752469e-14] 
1.0,23.08,2.5,1.0,1.0,13.0,4.0,0.085,2.0,2.0,0.0,2.0,1.0,100.0,4208.0,2.0, [ + ]  [WRONG] [+: 0.0]  [-: 1.44789552723e-21] 
1.0,48.58,0.205,2.0,2.0,6.0,1.0,0.25,1.0,1.0,11.0,1.0,1.0,380.0,2732.0,1.0, [ + ]  [+: 2.27005060155e-17]  [-: 0.0] 
1.0,41.5,1.54,1.0,1.0,10.0,3.0,3.5,2.0,2.0,0.0,1.0,1.0,216.0,0.0,1.0, [ - ]  [WRONG] [+: 1.74618071213e-17]  [-: 0.0] 
1.0,25.25,1.0,1.0,1.0,12.0,1.0,0.5,2.0,2.0,0.0,1.0,1.0,200.0,0.0,2.0, [ - ]  [+: 0.0]  [-: 6.40849686842e-13] 
1.0,20.0,0.0,1.0,1.0,8.0,1.0,0.5,2.0,2.0,0.0,1.0,1.0,144.0,0.0,2.0, [ - ]  [+: 0.0]  [-: 4.09882719172e-13] 
1.0,22.08,11.46,1.0,1.0,6.0,1.0,1.585,2.0,2.0,0.0,2.0,1.0,100.0,1212.0,2.0, [ - ]  [+: 0.0]  [-: 2.78191585955e-14] 
2.0,52.5,7.0,1.0,1.0,12.0,2.0,3.0,2.0,2.0,0.0,1.0,1.0,0.0,0.0,2.0, [ - ]  [+: 0.0]  [-: 2.03245376473e-14] 
1.0,65.42,11.0,1.0,1.0,11.0,6.0,20.0,1.0,1.0,7.0,2.0,1.0,22.0,0.0,1.0, [ + ]  [+: 1.91839370275e-20]  [-: 0.0] 
1.0,32.67,5.5,1.0,1.0,2.0,2.0,5.5,1.0,1.0,12.0,2.0,1.0,408.0,1000.0,1.0, [ + ]  [+: 7.08735963452e-16]  [-: 0.0] 
2.0,21.67,11.5,2.0,2.0,14.0,5.0,0.0,1.0,1.0,11.0,2.0,1.0,0.0,0.0,1.0, [ + ]  [+: 7.11111494667e-17]  [-: 0.0] 
1.0,39.58,5.0,1.0,1.0,13.0,4.0,0.0,2.0,1.0,2.0,1.0,1.0,17.0,1.0,2.0, [ - ]  [+: 0.0]  [-: 1.59504605315e-13] 
1.0,44.0,2.0,1.0,1.0,3.0,1.0,1.75,1.0,1.0,2.0,2.0,1.0,0.0,15.0,1.0, [ - ]  [WRONG] [+: 7.28423319779e-16]  [-: 0.0] 
2.0,38.92,1.665,1.0,1.0,12.0,1.0,0.25,2.0,2.0,0.0,1.0,1.0,0.0,390.0,2.0, [ - ]  [+: 0.0]  [-: 2.77227377082e-13] 
1.0,17.08,3.29,1.0,1.0,10.0,1.0,0.335,2.0,2.0,0.0,2.0,1.0,140.0,2.0,2.0, [ - ]  [+: 0.0]  [-: 4.4620703501e-13] 
2.0,29.58,1.75,2.0,2.0,6.0,1.0,1.25,2.0,2.0,0.0,2.0,1.0,280.0,0.0,2.0, [ - ]  [+: 0.0]  [-: 1.55497497958e-12] 
2.0,24.75,13.665,1.0,1.0,2.0,2.0,1.5,2.0,2.0,0.0,1.0,1.0,280.0,1.0,2.0, [ - ]  [+: 0.0]  [-: 1.15535949055e-14] 
1.0,24.17,0.875,1.0,1.0,2.0,1.0,4.625,1.0,1.0,2.0,2.0,1.0,520.0,2000.0,1.0, [ + ]  [+: 1.25932438667e-16]  [-: 0.0] 
1.0,27.83,1.54,1.0,1.0,1.0,1.0,3.75,1.0,1.0,5.0,2.0,1.0,100.0,3.0,1.0, [ + ]  [+: 1.97001314447e-15]  [-: 0.0] 
1.0,58.58,2.71,1.0,1.0,7.0,1.0,2.415,2.0,2.0,0.0,2.0,1.0,320.0,0.0,2.0, [ - ]  [+: 0.0]  [-: 1.66939642476e-14] 
2.0,17.67,0.0,2.0,2.0,14.0,4.0,0.0,2.0,2.0,0.0,1.0,1.0,86.0,0.0,2.0, [ - ]  [+: 0.0]  [-: 6.57776107699e-13] 
1.0,31.67,0.83,1.0,1.0,9.0,1.0,1.335,1.0,1.0,8.0,2.0,1.0,303.0,3290.0,1.0, [ + ]  [+: 1.58620455828e-15]  [-: 0.0] 
1.0,31.5681710914,3.0,2.0,2.0,10.0,3.0,7.0,2.0,2.0,0.0,1.0,1.0,0.0,1.0,2.0, [ - ]  [+: 0.0]  [-: 4.09506191774e-14] 
1.0,39.0,5.0,1.0,1.0,5.0,1.0,3.5,1.0,1.0,10.0,2.0,1.0,0.0,0.0,1.0, [ + ]  [+: 1.45541459001e-15]  [-: 0.0] 
1.0,18.58,5.71,1.0,1.0,8.0,1.0,0.54,2.0,2.0,0.0,1.0,1.0,120.0,0.0,2.0, [ - ]  [+: 0.0]  [-: 4.68954187284e-13] 
1.0,35.25,3.165,1.0,1.0,9.0,2.0,3.75,1.0,2.0,0.0,2.0,1.0,680.0,0.0,2.0, [ - ]  [+: 0.0]  [-: 4.13533535585e-16] 
1.0,16.17,0.04,1.0,1.0,7.0,1.0,0.04,2.0,2.0,0.0,1.0,1.0,0.0,0.0,1.0, [ - ]  [WRONG] [+: 4.45861703356e-18]  [-: 0.0] 
1.0,27.67,0.75,1.0,1.0,2.0,2.0,0.165,2.0,2.0,0.0,2.0,1.0,220.0,251.0,2.0, [ - ]  [+: 0.0]  [-: 1.9594569228e-13] 
2.0,37.33,2.5,1.0,1.0,10.0,2.0,0.21,2.0,2.0,0.0,1.0,1.0,260.0,246.0,2.0, [ - ]  [+: 0.0]  [-: 4.03078680776e-13] 
1.0,27.83,1.5,1.0,1.0,1.0,1.0,2.0,1.0,1.0,11.0,2.0,1.0,434.0,35.0,1.0, [ + ]  [+: 2.61954135116e-16]  [-: 0.0] 
1.0,17.08,0.25,1.0,1.0,2.0,1.0,0.335,2.0,1.0,4.0,1.0,1.0,160.0,8.0,2.0, [ - ]  [+: 0.0]  [-: 1.18180761318e-14] 
2.0,31.92,3.125,1.0,1.0,13.0,4.0,3.04,2.0,1.0,2.0,2.0,1.0,200.0,4.0,2.0, [ - ]  [+: 0.0]  [-: 3.26752011159e-13] 
1.0,34.08,0.08,2.0,2.0,3.0,3.0,0.04,1.0,1.0,1.0,2.0,1.0,280.0,2000.0,1.0, [ - ]  [WRONG] [+: 2.40080248e-16]  [-: 0.0] 
1.0,48.17,3.5,1.0,1.0,12.0,1.0,3.5,1.0,2.0,0.0,1.0,2.0,230.0,0.0,1.0, [ - ]  [WRONG] [+: 9.52791226164e-17]  [-: 0.0] 
1.0,18.17,10.25,1.0,1.0,7.0,2.0,1.085,2.0,2.0,0.0,1.0,1.0,320.0,13.0,2.0, [ - ]  [+: 0.0]  [-: 5.99667374381e-14] 
1.0,43.08,0.375,2.0,2.0,7.0,1.0,0.375,1.0,1.0,8.0,2.0,1.0,300.0,162.0,1.0, [ + ]  [+: 1.62457795852e-16]  [-: 0.0] 
2.0,20.67,3.0,1.0,1.0,2.0,1.0,0.165,1.0,1.0,3.0,1.0,1.0,100.0,6.0,1.0, [ - ]  [WRONG] [+: 1.13716810394e-15]  [-: 0.0] 
1.0,18.0,0.165,1.0,1.0,2.0,9.0,0.21,2.0,2.0,0.0,1.0,1.0,200.0,40.0,1.0, [ - ]  [WRONG] [+: 2.18209150626e-17]  [-: 0.0] 
1.0,27.58,2.04,2.0,2.0,12.0,1.0,2.0,1.0,1.0,3.0,2.0,1.0,370.0,560.0,1.0, [ - ]  [WRONG] [+: 1.62204708805e-16]  [-: 0.0] 
2.0,20.75,10.25,1.0,1.0,2.0,1.0,0.71,1.0,1.0,2.0,2.0,1.0,49.0,0.0,1.0, [ - ]  [WRONG] [+: 8.51755658987e-16]  [-: 0.0] 
1.0,31.5681710914,5.0,2.0,2.0,12.0,1.0,8.5,1.0,2.0,0.0,1.0,1.0,0.0,0.0,2.0, [ - ]  [+: 0.0]  [-: 1.1082974427e-15] 
1.0,32.33,2.5,1.0,1.0,7.0,1.0,1.25,2.0,2.0,0.0,2.0,1.0,280.0,0.0,2.0, [ - ]  [+: 0.0]  [-: 6.01611715637e-13] 
2.0,25.75,0.5,1.0,1.0,7.0,2.0,0.875,1.0,2.0,0.0,2.0,1.0,491.0,0.0,1.0, [ - ]  [WRONG] [+: 4.63574549958e-17]  [-: 0.0] 
1.0,54.58,9.415,1.0,1.0,13.0,4.0,14.415,1.0,1.0,11.0,2.0,1.0,30.0,300.0,1.0, [ + ]  [+: 5.175565045e-19]  [-: 0.0] 
2.0,32.17,1.46,1.0,1.0,1.0,1.0,1.085,1.0,1.0,16.0,1.0,1.0,120.0,2079.0,1.0, [ + ]  [+: 3.26420822406e-16]  [-: 0.0] 
1.0,48.08,3.75,1.0,1.0,10.0,3.0,1.0,2.0,2.0,0.0,1.0,1.0,100.0,2.0,2.0, [ - ]  [+: 0.0]  [-: 2.13068706597e-13] 
2.0,18.92,9.0,1.0,1.0,12.0,1.0,0.75,1.0,1.0,2.0,1.0,1.0,88.0,591.0,1.0, [ - ]  [WRONG] [+: 4.89293036304e-16]  [-: 0.0] 
1.0,23.5,2.75,1.0,1.0,13.0,4.0,4.5,2.0,2.0,0.0,1.0,1.0,160.0,25.0,2.0, [ - ]  [+: 0.0]  [-: 5.25417829532e-13] 
2.0,46.08,3.0,1.0,1.0,7.0,1.0,2.375,1.0,1.0,8.0,2.0,1.0,396.0,4159.0,1.0, [ + ]  [+: 3.79682039679e-16]  [-: 0.0] 
1.0,26.67,2.71,2.0,2.0,5.0,1.0,5.25,1.0,1.0,1.0,1.0,1.0,211.0,0.0,1.0, [ - ]  [WRONG] [+: 6.86092865363e-16]  [-: 0.0] 
1.0,18.08,5.5,1.0,1.0,6.0,1.0,0.5,1.0,2.0,0.0,1.0,1.0,80.0,0.0,1.0, [ - ]  [WRONG] [+: 1.15121215919e-16]  [-: 0.0] 
2.0,27.17,1.25,1.0,1.0,13.0,4.0,0.0,2.0,1.0,1.0,1.0,1.0,92.0,300.0,2.0, [ - ]  [+: 0.0]  [-: 3.67891227721e-13] 
1.0,24.5,13.335,2.0,2.0,12.0,1.0,0.04,2.0,2.0,0.0,2.0,1.0,120.0,475.0,2.0, [ - ]  [+: 0.0]  [-: 6.80546379767e-14] 
2.0,18.75,7.5,1.0,1.0,2.0,1.0,2.71,1.0,1.0,5.0,1.0,1.0,184.014771049,26726.0,1.0, [ + ]  [+: 1.87963670824e-17]  [-: 0.0] 
1.0,21.83,11.0,1.0,1.0,9.0,1.0,0.29,1.0,1.0,6.0,1.0,1.0,121.0,0.0,1.0, [ + ]  [+: 1.23526888742e-15]  [-: 0.0] 
1.0,45.33,1.0,1.0,1.0,2.0,1.0,0.125,2.0,2.0,0.0,2.0,1.0,263.0,0.0,2.0, [ - ]  [+: 0.0]  [-: 1.1042307372e-13] 
1.0,34.92,2.5,1.0,1.0,1.0,1.0,0.0,1.0,2.0,0.0,2.0,1.0,239.0,200.0,1.0, [ - ]  [WRONG] [+: 4.22757611361e-16]  [-: 0.0] 
1.0,29.5,2.0,2.0,2.0,11.0,2.0,2.0,2.0,2.0,0.0,1.0,1.0,256.0,17.0,2.0, [ - ]  [+: 0.0]  [-: 6.24201110361e-13] 
1.0,22.92,3.165,2.0,2.0,7.0,1.0,0.165,2.0,2.0,0.0,1.0,1.0,160.0,1058.0,2.0, [ - ]  [+: 0.0]  [-: 4.46570774344e-13] 
2.0,22.5,8.5,1.0,1.0,2.0,1.0,1.75,1.0,1.0,10.0,1.0,1.0,80.0,990.0,2.0, [ + ]  [WRONG] [+: 0.0]  [-: 2.65562732212e-20] 
1.0,50.75,0.585,1.0,1.0,13.0,4.0,0.0,2.0,2.0,0.0,1.0,1.0,145.0,0.0,2.0, [ - ]  [+: 0.0]  [-: 1.73852904072e-13] 
1.0,16.5,0.125,1.0,1.0,7.0,1.0,0.165,2.0,2.0,0.0,1.0,1.0,132.0,0.0,2.0, [ - ]  [+: 0.0]  [-: 2.13129502211e-13] 
2.0,47.0,13.0,1.0,1.0,10.0,3.0,5.165,1.0,1.0,9.0,2.0,1.0,0.0,0.0,1.0, [ + ]  [+: 1.42370491161e-16]  [-: 0.0] 
2.0,18.17,10.0,2.0,2.0,2.0,2.0,0.165,2.0,2.0,0.0,1.0,1.0,340.0,0.0,2.0, [ - ]  [+: 0.0]  [-: 7.09568073828e-14] 
1.0,28.67,9.335,1.0,1.0,2.0,2.0,5.665,1.0,1.0,6.0,1.0,1.0,381.0,168.0,1.0, [ + ]  [+: 1.24795709644e-15]  [-: 0.0] 
1.0,18.83,0.0,1.0,1.0,2.0,1.0,0.665,2.0,2.0,0.0,1.0,1.0,160.0,1.0,2.0, [ - ]  [+: 0.0]  [-: 1.91611659178e-13] 
1.0,28.17,0.125,2.0,2.0,6.0,1.0,0.085,2.0,2.0,0.0,1.0,1.0,216.0,2100.0,2.0, [ - ]  [+: 0.0]  [-: 1.20348239731e-14] 
1.0,20.08,0.125,1.0,1.0,2.0,1.0,1.0,2.0,1.0,1.0,1.0,1.0,240.0,768.0,1.0, [ - ]  [WRONG] [+: 5.9527193012e-17]  [-: 0.0] 
2.0,24.08,0.5,1.0,1.0,2.0,2.0,1.25,1.0,1.0,1.0,1.0,1.0,0.0,678.0,1.0, [ - ]  [WRONG] [+: 1.02833943856e-15]  [-: 0.0] 
1.0,32.0,1.75,2.0,2.0,11.0,2.0,0.04,1.0,2.0,0.0,2.0,1.0,393.0,0.0,1.0, [ - ]  [WRONG] [+: 7.28120911387e-17]  [-: 0.0] 
2.0,32.33,0.54,1.0,1.0,5.0,1.0,0.04,1.0,2.0,0.0,1.0,1.0,440.0,11177.0,1.0, [ + ]  [+: 5.15693350417e-17]  [-: 0.0] 
2.0,31.5681710914,11.25,1.0,1.0,13.0,4.0,0.0,2.0,2.0,0.0,1.0,1.0,184.014771049,5200.0,2.0, [ + ]  [WRONG] [+: 0.0]  [-: 4.34252149728e-27] 
2.0,29.5,1.085,2.0,2.0,9.0,1.0,1.0,2.0,2.0,0.0,1.0,1.0,280.0,13.0,2.0, [ - ]  [+: 0.0]  [-: 3.11234653629e-13] 
1.0,31.0,2.085,1.0,1.0,7.0,1.0,0.085,2.0,2.0,0.0,1.0,1.0,300.0,0.0,2.0, [ - ]  [+: 0.0]  [-: 5.07991372014e-13] 
2.0,50.25,0.835,1.0,1.0,12.0,1.0,0.5,2.0,2.0,0.0,2.0,1.0,240.0,117.0,2.0, [ - ]  [+: 0.0]  [-: 1.12613172717e-13] 
1.0,38.67,0.21,1.0,1.0,6.0,1.0,0.085,1.0,2.0,0.0,2.0,1.0,280.0,0.0,1.0, [ - ]  [WRONG] [+: 1.14347743793e-16]  [-: 0.0] 
1.0,18.42,10.415,2.0,2.0,12.0,1.0,0.125,1.0,2.0,0.0,1.0,1.0,120.0,375.0,2.0, [ - ]  [+: 0.0]  [-: 5.01874094081e-14] 
1.0,34.75,15.0,1.0,1.0,4.0,9.0,5.375,1.0,1.0,9.0,2.0,1.0,0.0,134.0,1.0, [ + ]  [+: 7.95810260619e-16]  [-: 0.0] 
2.0,20.83,0.5,2.0,2.0,11.0,8.0,1.0,2.0,2.0,0.0,1.0,1.0,260.0,0.0,2.0, [ - ]  [+: 0.0]  [-: 5.23384802956e-13] 
2.0,20.08,1.25,1.0,1.0,7.0,1.0,0.0,2.0,2.0,0.0,1.0,1.0,0.0,0.0,2.0, [ - ]  [+: 0.0]  [-: 2.04729358205e-13] 
2.0,34.83,1.25,2.0,2.0,10.0,2.0,0.5,2.0,2.0,0.0,2.0,1.0,160.0,0.0,2.0, [ - ]  [+: 0.0]  [-: 8.360955965e-13] 
1.0,21.0,3.0,2.0,2.0,8.0,1.0,1.085,1.0,1.0,8.0,2.0,1.0,160.0,1.0,1.0, [ + ]  [+: 1.87431882511e-16]  [-: 0.0] 
1.0,27.67,2.0,1.0,1.0,9.0,2.0,1.0,1.0,1.0,4.0,1.0,1.0,140.0,7544.0,1.0, [ + ]  [+: 3.18035391186e-15]  [-: 0.0] 
1.0,31.83,0.04,2.0,2.0,3.0,1.0,0.04,2.0,2.0,0.0,1.0,1.0,0.0,0.0,2.0, [ - ]  [+: 0.0]  [-: 4.55191530963e-13] 
1.0,22.75,11.0,1.0,1.0,2.0,1.0,2.5,1.0,1.0,7.0,2.0,1.0,100.0,809.0,1.0, [ + ]  [+: 1.30966381107e-15]  [-: 0.0] 
1.0,21.5,9.75,1.0,1.0,7.0,1.0,0.25,1.0,2.0,0.0,1.0,1.0,140.0,0.0,2.0, [ - ]  [+: 0.0]  [-: 3.49464136927e-14] 
1.0,21.83,0.25,1.0,1.0,8.0,2.0,0.665,1.0,2.0,0.0,2.0,1.0,0.0,0.0,1.0, [ - ]  [WRONG] [+: 1.00572963456e-16]  [-: 0.0] 
1.0,80.25,5.5,1.0,1.0,7.0,1.0,0.54,1.0,2.0,0.0,1.0,1.0,0.0,340.0,2.0, [ - ]  [+: 0.0]  [-: 2.6384338349e-18] 
2.0,21.75,1.75,2.0,2.0,14.0,5.0,0.0,2.0,2.0,0.0,1.0,1.0,160.0,0.0,2.0, [ - ]  [+: 0.0]  [-: 8.44514812761e-13] 
1.0,29.42,1.25,1.0,1.0,1.0,1.0,1.75,2.0,2.0,0.0,1.0,1.0,200.0,0.0,2.0, [ - ]  [+: 0.0]  [-: 4.75312562738e-13] 
2.0,31.25,3.75,1.0,1.0,5.0,2.0,0.625,1.0,1.0,9.0,2.0,1.0,181.0,0.0,1.0, [ + ]  [+: 3.4577682977e-15]  [-: 0.0] 
2.0,16.5,1.25,1.0,1.0,2.0,1.0,0.25,2.0,1.0,1.0,1.0,1.0,108.0,98.0,2.0, [ - ]  [+: 0.0]  [-: 5.90521121314e-14] 
1.0,23.25,4.0,1.0,1.0,7.0,3.0,0.25,1.0,2.0,0.0,2.0,1.0,160.0,0.0,1.0, [ - ]  [WRONG] [+: 3.28004118872e-16]  [-: 0.0] 
1.0,17.92,0.205,1.0,1.0,12.0,1.0,0.04,2.0,2.0,0.0,1.0,1.0,280.0,750.0,2.0, [ - ]  [+: 0.0]  [-: 1.97784144161e-13] 
2.0,25.33,2.085,1.0,1.0,7.0,2.0,2.75,1.0,2.0,0.0,2.0,1.0,360.0,1.0,2.0, [ - ]  [+: 0.0]  [-: 4.5611164123e-14] 
1.0,27.58,3.25,2.0,2.0,2.0,2.0,5.085,2.0,1.0,2.0,2.0,1.0,369.0,1.0,2.0, [ - ]  [+: 0.0]  [-: 2.45849326603e-14] 
1.0,35.0,3.375,1.0,1.0,7.0,2.0,8.29,2.0,2.0,0.0,2.0,1.0,0.0,0.0,2.0, [ - ]  [+: 0.0]  [-: 1.5112860782e-15] 
1.0,28.25,5.04,2.0,2.0,7.0,3.0,1.5,1.0,1.0,8.0,2.0,1.0,144.0,7.0,1.0, [ + ]  [+: 5.74177776438e-16]  [-: 0.0] 
1.0,42.0,9.79,1.0,1.0,9.0,2.0,7.96,1.0,1.0,8.0,1.0,1.0,0.0,0.0,1.0, [ + ]  [+: 1.09837361408e-15]  [-: 0.0] 
1.0,26.75,1.125,1.0,1.0,9.0,2.0,1.25,1.0,2.0,0.0,1.0,1.0,0.0,5298.0,1.0, [ + ]  [+: 4.82737813598e-16]  [-: 0.0] 
1.0,26.67,4.25,1.0,1.0,5.0,1.0,4.29,1.0,1.0,1.0,2.0,1.0,120.0,0.0,1.0, [ - ]  [WRONG] [+: 2.75287686168e-15]  [-: 0.0] 
1.0,44.83,7.0,2.0,2.0,7.0,1.0,1.625,2.0,2.0,0.0,1.0,1.0,160.0,2.0,2.0, [ - ]  [+: 0.0]  [-: 4.25400007657e-13] 
1.0,31.25,1.125,1.0,1.0,13.0,4.0,0.0,2.0,1.0,1.0,1.0,1.0,96.0,19.0,2.0, [ - ]  [+: 0.0]  [-: 3.67972376116e-13] 
1.0,39.08,6.0,1.0,1.0,3.0,1.0,1.29,1.0,1.0,5.0,2.0,1.0,108.0,1097.0,1.0, [ + ]  [+: 2.03787849316e-15]  [-: 0.0] 
1.0,23.0,0.75,1.0,1.0,3.0,1.0,0.5,1.0,2.0,0.0,2.0,2.0,320.0,0.0,2.0, [ - ]  [+: 0.0]  [-: 1.04040130559e-13] 
2.0,21.92,11.665,1.0,1.0,6.0,2.0,0.085,2.0,2.0,0.0,1.0,1.0,320.0,5.0,2.0, [ - ]  [+: 0.0]  [-: 4.67585832271e-14] 
1.0,30.17,0.5,1.0,1.0,7.0,1.0,1.75,1.0,1.0,11.0,1.0,1.0,32.0,540.0,1.0, [ + ]  [+: 5.24452010583e-16]  [-: 0.0] 
2.0,24.83,4.5,1.0,1.0,1.0,1.0,1.0,2.0,2.0,0.0,2.0,1.0,360.0,6.0,2.0, [ - ]  [+: 0.0]  [-: 3.28412864485e-13] 
1.0,20.0,1.25,2.0,2.0,6.0,1.0,0.125,2.0,2.0,0.0,1.0,1.0,140.0,4.0,2.0, [ - ]  [+: 0.0]  [-: 9.87428947651e-13] 
2.0,36.75,5.125,1.0,1.0,11.0,1.0,5.0,1.0,2.0,0.0,2.0,1.0,0.0,4000.0,1.0, [ + ]  [+: 4.4098288082e-16]  [-: 0.0] 
1.0,28.33,5.0,1.0,1.0,1.0,1.0,11.0,1.0,2.0,0.0,2.0,1.0,70.0,0.0,1.0, [ + ]  [+: 1.12661555277e-16]  [-: 0.0] 
1.0,27.25,0.625,1.0,1.0,12.0,1.0,0.455,1.0,2.0,0.0,2.0,1.0,200.0,0.0,2.0, [ - ]  [+: 0.0]  [-: 1.29949511542e-13] 
1.0,29.92,1.835,1.0,1.0,7.0,2.0,4.335,1.0,2.0,0.0,1.0,1.0,260.0,200.0,1.0, [ - ]  [WRONG] [+: 5.50972481472e-16]  [-: 0.0] 
1.0,69.17,9.0,1.0,1.0,13.0,4.0,4.0,2.0,1.0,1.0,1.0,1.0,70.0,6.0,2.0, [ - ]  [+: 0.0]  [-: 1.82080144456e-16] 
1.0,20.42,7.5,1.0,1.0,6.0,1.0,1.5,1.0,1.0,1.0,1.0,1.0,160.0,234.0,1.0, [ - ]  [WRONG] [+: 6.0751112802e-16]  [-: 0.0] 
1.0,22.25,0.46,1.0,1.0,6.0,1.0,0.125,2.0,2.0,0.0,2.0,1.0,280.0,55.0,2.0, [ - ]  [+: 0.0]  [-: 4.4149713115e-13] 
1.0,43.25,3.0,1.0,1.0,2.0,2.0,6.0,1.0,1.0,11.0,1.0,1.0,80.0,0.0,1.0, [ + ]  [+: 1.38779826969e-15]  [-: 0.0] 
1.0,20.42,1.835,1.0,1.0,7.0,1.0,2.25,1.0,1.0,1.0,1.0,1.0,100.0,150.0,1.0, [ - ]  [WRONG] [+: 7.86295150322e-16]  [-: 0.0] 
1.0,18.83,3.54,2.0,2.0,13.0,4.0,0.0,2.0,2.0,0.0,2.0,1.0,180.0,1.0,2.0, [ - ]  [+: 0.0]  [-: 1.85231080657e-12] 
1.0,31.67,16.165,1.0,1.0,8.0,1.0,3.0,1.0,1.0,9.0,1.0,1.0,250.0,730.0,1.0, [ + ]  [+: 1.4522927574e-16]  [-: 0.0] 
1.0,23.08,11.5,1.0,1.0,10.0,1.0,3.5,1.0,1.0,9.0,1.0,1.0,56.0,742.0,1.0, [ + ]  [+: 3.34297119435e-16]  [-: 0.0] 
1.0,28.67,14.5,1.0,1.0,8.0,1.0,0.125,2.0,2.0,0.0,1.0,1.0,0.0,286.0,2.0, [ - ]  [+: 0.0]  [-: 1.36364153798e-14] 
1.0,23.42,1.0,1.0,1.0,7.0,1.0,0.5,2.0,2.0,0.0,2.0,2.0,280.0,0.0,2.0, [ - ]  [+: 0.0]  [-: 6.12427801734e-13] 
1.0,29.42,1.25,1.0,1.0,7.0,2.0,0.25,2.0,1.0,2.0,2.0,1.0,400.0,108.0,2.0, [ - ]  [+: 0.0]  [-: 5.15742741435e-14] 
1.0,59.67,1.54,1.0,1.0,2.0,1.0,0.125,1.0,2.0,0.0,2.0,1.0,260.0,0.0,1.0, [ - ]  [WRONG] [+: 4.76349208548e-17]  [-: 0.0] 
1.0,22.33,11.0,1.0,1.0,1.0,1.0,2.0,1.0,1.0,1.0,1.0,1.0,80.0,278.0,1.0, [ - ]  [WRONG] [+: 8.76679381584e-16]  [-: 0.0] 
1.0,41.17,4.04,1.0,1.0,5.0,2.0,7.0,1.0,1.0,8.0,1.0,1.0,320.0,0.0,1.0, [ + ]  [+: 1.68526501302e-15]  [-: 0.0] 
1.0,34.17,9.17,1.0,1.0,7.0,1.0,4.5,1.0,1.0,12.0,2.0,1.0,0.0,221.0,1.0, [ + ]  [+: 5.54549857462e-16]  [-: 0.0] 
1.0,54.83,15.5,1.0,1.0,11.0,6.0,0.0,1.0,1.0,20.0,1.0,1.0,152.0,130.0,2.0, [ + ]  [WRONG] [+: 0.0]  [-: 5.0074490199e-40] 
1.0,23.08,2.5,1.0,1.0,7.0,1.0,1.085,1.0,1.0,11.0,2.0,1.0,60.0,2184.0,1.0, [ + ]  [+: 5.88977135928e-16]  [-: 0.0] 
1.0,26.75,2.0,1.0,1.0,8.0,1.0,0.75,2.0,2.0,0.0,2.0,1.0,80.0,0.0,2.0, [ - ]  [+: 0.0]  [-: 6.63194711529e-13] 
1.0,40.58,3.29,1.0,1.0,3.0,1.0,3.5,2.0,2.0,0.0,2.0,2.0,400.0,0.0,2.0, [ - ]  [+: 0.0]  [-: 2.00599562399e-13] 
1.0,25.58,0.335,1.0,1.0,6.0,2.0,3.5,2.0,2.0,0.0,2.0,1.0,340.0,0.0,2.0, [ - ]  [+: 0.0]  [-: 1.77279518093e-13] 
1.0,36.33,2.125,2.0,2.0,1.0,1.0,0.085,1.0,1.0,1.0,1.0,1.0,50.0,1187.0,1.0, [ - ]  [WRONG] [+: 3.53185042562e-16]  [-: 0.0] 
1.0,38.92,1.75,1.0,1.0,6.0,1.0,0.5,2.0,2.0,0.0,2.0,1.0,300.0,2.0,2.0, [ - ]  [+: 0.0]  [-: 4.69552327357e-13] 
1.0,36.5,4.25,1.0,1.0,2.0,1.0,3.5,2.0,2.0,0.0,1.0,1.0,454.0,50.0,2.0, [ - ]  [+: 0.0]  [-: 9.49816609577e-14] 
2.0,26.17,2.0,1.0,1.0,14.0,5.0,0.0,2.0,2.0,0.0,2.0,1.0,276.0,1.0,2.0, [ - ]  [+: 0.0]  [-: 4.48556612606e-13] 
1.0,16.25,0.835,1.0,1.0,3.0,1.0,0.085,1.0,2.0,0.0,1.0,2.0,200.0,0.0,2.0, [ - ]  [+: 0.0]  [-: 7.45641887401e-14] 
1.0,17.42,6.5,1.0,1.0,10.0,1.0,0.125,2.0,2.0,0.0,1.0,1.0,60.0,100.0,2.0, [ - ]  [+: 0.0]  [-: 3.00058097347e-13] 
1.0,24.33,6.625,2.0,2.0,8.0,1.0,5.5,1.0,2.0,0.0,2.0,2.0,100.0,0.0,1.0, [ - ]  [WRONG] [+: 3.85316127565e-17]  [-: 0.0] 
1.0,20.5,2.415,1.0,1.0,7.0,1.0,2.0,1.0,1.0,11.0,2.0,1.0,200.0,3000.0,1.0, [ + ]  [+: 6.5476890296e-16]  [-: 0.0] 
1.0,36.17,0.42,2.0,2.0,1.0,1.0,0.29,2.0,2.0,0.0,2.0,1.0,309.0,2.0,2.0, [ - ]  [+: 0.0]  [-: 5.18137234215e-13] 
1.0,51.42,0.04,1.0,1.0,9.0,2.0,0.04,1.0,2.0,0.0,1.0,1.0,0.0,3000.0,1.0, [ + ]  [+: 1.47625050599e-16]  [-: 0.0] 
1.0,32.92,2.5,1.0,1.0,12.0,1.0,1.75,2.0,1.0,2.0,2.0,1.0,720.0,0.0,2.0, [ - ]  [+: 0.0]  [-: 3.90577503837e-15] 
2.0,23.25,5.875,1.0,1.0,2.0,1.0,3.17,1.0,1.0,10.0,1.0,1.0,120.0,245.0,1.0, [ + ]  [+: 1.61820904054e-15]  [-: 0.0] 
1.0,18.17,2.46,1.0,1.0,7.0,9.0,0.96,2.0,1.0,2.0,2.0,1.0,160.0,587.0,2.0, [ - ]  [+: 0.0]  [-: 5.39190400038e-14] 
2.0,15.92,2.875,1.0,1.0,2.0,1.0,0.085,2.0,2.0,0.0,1.0,1.0,120.0,0.0,2.0, [ - ]  [+: 0.0]  [-: 1.76604977474e-13] 
1.0,29.25,13.0,1.0,1.0,8.0,2.0,0.5,2.0,2.0,0.0,1.0,1.0,228.0,0.0,2.0, [ - ]  [+: 0.0]  [-: 3.95976582531e-14] 
1.0,31.5681710914,4.0,1.0,1.0,9.0,1.0,5.0,1.0,1.0,3.0,2.0,1.0,290.0,2279.0,1.0, [ + ]  [+: 3.04967347806e-15]  [-: 0.0] 
1.0,53.92,9.625,1.0,1.0,11.0,1.0,8.665,1.0,1.0,5.0,1.0,1.0,0.0,0.0,1.0, [ + ]  [+: 1.65698849238e-16]  [-: 0.0] 
2.0,33.08,1.625,1.0,1.0,8.0,1.0,0.54,2.0,2.0,0.0,2.0,1.0,0.0,0.0,2.0, [ - ]  [+: 0.0]  [-: 4.10453898158e-13] 
2.0,44.17,6.665,1.0,1.0,2.0,1.0,7.375,1.0,1.0,3.0,2.0,1.0,0.0,0.0,1.0, [ + ]  [+: 9.03614085515e-16]  [-: 0.0] 
2.0,22.92,11.585,1.0,1.0,5.0,1.0,0.04,1.0,2.0,0.0,1.0,1.0,80.0,1349.0,1.0, [ - ]  [WRONG] [+: 2.41963140274e-16]  [-: 0.0] 
1.0,39.33,5.875,1.0,1.0,5.0,2.0,10.0,1.0,1.0,14.0,2.0,1.0,399.0,0.0,1.0, [ + ]  [+: 1.55684411499e-16]  [-: 0.0] 
1.0,25.17,6.0,1.0,1.0,7.0,1.0,1.0,1.0,1.0,3.0,1.0,1.0,0.0,0.0,1.0, [ - ]  [WRONG] [+: 8.68050354121e-16]  [-: 0.0] 
1.0,25.67,2.21,2.0,2.0,12.0,1.0,4.0,1.0,2.0,0.0,1.0,1.0,188.0,0.0,2.0, [ - ]  [+: 0.0]  [-: 1.77038133485e-13] 
2.0,28.58,1.665,1.0,1.0,2.0,1.0,2.415,1.0,2.0,0.0,2.0,1.0,440.0,0.0,2.0, [ - ]  [+: 0.0]  [-: 3.2798676305e-14] 
2.0,28.58,3.54,1.0,1.0,10.0,3.0,0.5,1.0,2.0,0.0,2.0,1.0,171.0,0.0,2.0, [ - ]  [+: 0.0]  [-: 1.85570221142e-13] 
1.0,34.08,2.5,1.0,1.0,7.0,1.0,1.0,2.0,2.0,0.0,1.0,1.0,460.0,16.0,2.0, [ - ]  [+: 0.0]  [-: 2.41474415362e-13] 
1.0,43.0,0.29,2.0,2.0,5.0,2.0,1.75,1.0,1.0,8.0,1.0,1.0,100.0,375.0,1.0, [ + ]  [+: 6.17711986572e-16]  [-: 0.0] 
2.0,71.58,0.0,1.0,1.0,7.0,1.0,0.0,2.0,2.0,0.0,1.0,3.0,184.014771049,0.0,1.0, [ - ]  [WRONG] [+: 2.62439792401e-19]  [-: 0.0] 
1.0,34.08,6.5,1.0,1.0,12.0,1.0,0.125,1.0,2.0,0.0,2.0,1.0,443.0,0.0,2.0, [ - ]  [+: 0.0]  [-: 4.90538505366e-14] 
1.0,41.33,0.0,1.0,1.0,7.0,3.0,15.0,1.0,2.0,0.0,1.0,1.0,0.0,0.0,1.0, [ + ]  [+: 2.93000893503e-18]  [-: 0.0] 
2.0,47.42,3.0,1.0,1.0,9.0,1.0,13.875,1.0,1.0,2.0,2.0,1.0,519.0,1704.0,1.0, [ + ]  [+: 6.3325351427e-18]  [-: 0.0] 
1.0,30.83,0.0,1.0,1.0,1.0,1.0,1.25,1.0,1.0,1.0,1.0,1.0,202.0,0.0,1.0, [ - ]  [WRONG] [+: 1.1803493202e-15]  [-: 0.0] 
1.0,41.58,1.75,1.0,1.0,6.0,1.0,0.21,1.0,2.0,0.0,1.0,1.0,160.0,0.0,2.0, [ - ]  [+: 0.0]  [-: 9.27812747534e-14] 
1.0,24.58,1.25,1.0,1.0,7.0,1.0,0.25,2.0,2.0,0.0,1.0,1.0,110.0,0.0,2.0, [ - ]  [+: 0.0]  [-: 4.5411238952e-13] 
1.0,17.5,22.0,3.0,3.0,13.0,7.0,0.0,2.0,2.0,0.0,2.0,3.0,450.0,100000.0,1.0, [ + ]  [+: 2.52279358786e-50]  [-: 0.0] 
2.0,23.0,11.75,1.0,1.0,9.0,2.0,0.5,1.0,1.0,2.0,2.0,1.0,300.0,551.0,1.0, [ + ]  [+: 1.34765160875e-15]  [-: 0.0] 
2.0,40.33,7.54,2.0,2.0,2.0,2.0,8.0,1.0,1.0,14.0,1.0,1.0,0.0,2300.0,1.0, [ + ]  [+: 1.35703690836e-16]  [-: 0.0] 
1.0,32.33,3.5,1.0,1.0,6.0,1.0,0.5,2.0,2.0,0.0,2.0,1.0,232.0,0.0,2.0, [ - ]  [+: 0.0]  [-: 8.32625517301e-13] 
1.0,20.67,1.25,2.0,2.0,7.0,2.0,1.375,1.0,1.0,3.0,2.0,1.0,140.0,210.0,2.0, [ - ]  [+: 0.0]  [-: 1.99188987023e-14] 
1.0,39.25,9.5,1.0,1.0,3.0,1.0,6.5,1.0,1.0,14.0,1.0,1.0,240.0,4607.0,1.0, [ + ]  [+: 3.7288038463e-16]  [-: 0.0] 
1.0,31.5681710914,0.625,1.0,1.0,6.0,1.0,0.25,2.0,2.0,0.0,1.0,1.0,380.0,2010.0,2.0, [ - ]  [+: 0.0]  [-: 6.20418878049e-15] 
1.0,23.17,0.0,1.0,1.0,5.0,1.0,0.085,1.0,2.0,0.0,1.0,1.0,0.0,0.0,1.0, [ - ]  [WRONG] [+: 1.60037691788e-16]  [-: 0.0] 
1.0,26.5,2.71,2.0,2.0,7.0,1.0,0.085,2.0,2.0,0.0,1.0,2.0,80.0,0.0,2.0, [ - ]  [+: 0.0]  [-: 1.50572505413e-12] 
1.0,18.25,0.165,1.0,1.0,8.0,1.0,0.25,2.0,2.0,0.0,2.0,2.0,280.0,0.0,2.0, [ - ]  [+: 0.0]  [-: 4.58767780942e-13] 
1.0,40.25,21.5,1.0,1.0,11.0,6.0,20.0,1.0,1.0,11.0,1.0,1.0,0.0,1200.0,1.0, [ + ]  [+: 4.53498322236e-21]  [-: 0.0] 
2.0,58.42,21.0,1.0,1.0,10.0,3.0,10.0,1.0,1.0,13.0,1.0,1.0,0.0,6700.0,1.0, [ + ]  [+: 2.00759825641e-19]  [-: 0.0] 
2.0,64.08,0.165,1.0,1.0,13.0,4.0,0.0,1.0,1.0,1.0,1.0,1.0,232.0,100.0,1.0, [ - ]  [WRONG] [+: 4.0035825512e-18]  [-: 0.0] 
1.0,35.17,2.5,1.0,1.0,6.0,1.0,4.5,1.0,1.0,7.0,1.0,1.0,150.0,1270.0,1.0, [ + ]  [+: 1.10742283428e-15]  [-: 0.0] 
1.0,33.58,0.25,1.0,1.0,10.0,3.0,4.0,2.0,2.0,0.0,2.0,2.0,420.0,0.0,2.0, [ - ]  [+: 0.0]  [-: 2.06528134423e-13] 
1.0,37.33,2.665,1.0,1.0,5.0,1.0,0.165,2.0,2.0,0.0,2.0,1.0,0.0,501.0,2.0, [ - ]  [+: 0.0]  [-: 1.16885806074e-13] 
1.0,39.17,1.71,1.0,1.0,9.0,1.0,0.125,1.0,1.0,5.0,2.0,1.0,480.0,0.0,1.0, [ + ]  [+: 3.00794408224e-16]  [-: 0.0] 
1.0,21.67,1.165,2.0,2.0,6.0,1.0,2.5,1.0,1.0,1.0,1.0,1.0,180.0,20.0,2.0, [ - ]  [+: 0.0]  [-: 8.96104613486e-14] 
1.0,23.42,0.585,1.0,1.0,7.0,2.0,0.085,1.0,2.0,0.0,1.0,1.0,180.0,0.0,2.0, [ - ]  [+: 0.0]  [-: 5.61622198218e-14] 
1.0,51.83,2.04,2.0,2.0,13.0,4.0,1.5,2.0,2.0,0.0,1.0,1.0,120.0,1.0,2.0, [ - ]  [+: 0.0]  [-: 4.21736751886e-13] 
1.0,22.67,2.54,2.0,2.0,7.0,2.0,2.585,1.0,2.0,0.0,1.0,1.0,0.0,0.0,1.0, [ - ]  [WRONG] [+: 9.50396937198e-17]  [-: 0.0] 
1.0,22.25,9.0,1.0,1.0,12.0,1.0,0.085,2.0,2.0,0.0,1.0,1.0,0.0,0.0,2.0, [ - ]  [+: 0.0]  [-: 1.50453152871e-13] 
1.0,39.5,1.625,1.0,1.0,7.0,1.0,1.5,2.0,2.0,0.0,1.0,1.0,0.0,316.0,2.0, [ - ]  [+: 0.0]  [-: 2.54243096199e-13] 
1.0,26.17,12.5,2.0,2.0,6.0,2.0,1.25,2.0,2.0,0.0,2.0,1.0,0.0,17.0,2.0, [ - ]  [+: 0.0]  [-: 6.03477618335e-14] 
1.0,29.83,3.5,1.0,1.0,7.0,1.0,0.165,2.0,2.0,0.0,1.0,1.0,216.0,0.0,2.0, [ - ]  [+: 0.0]  [-: 6.5511373036e-13] 
2.0,22.42,11.25,2.0,2.0,9.0,2.0,0.75,1.0,1.0,4.0,1.0,1.0,0.0,321.0,1.0, [ + ]  [+: 4.07935491917e-16]  [-: 0.0] 
2.0,20.75,10.335,1.0,1.0,5.0,2.0,0.335,1.0,1.0,1.0,2.0,1.0,80.0,50.0,1.0, [ - ]  [WRONG] [+: 1.41981355398e-15]  [-: 0.0] 
2.0,15.75,0.375,1.0,1.0,7.0,1.0,1.0,2.0,2.0,0.0,1.0,1.0,120.0,18.0,2.0, [ - ]  [+: 0.0]  [-: 2.2784501127e-13] 
2.0,24.58,0.67,1.0,1.0,12.0,2.0,1.75,1.0,2.0,0.0,1.0,1.0,400.0,0.0,2.0, [ - ]  [+: 0.0]  [-: 4.55664109788e-14] 
1.0,37.5,1.75,2.0,2.0,7.0,3.0,0.25,1.0,2.0,0.0,2.0,1.0,164.0,400.0,2.0, [ - ]  [+: 0.0]  [-: 1.88175139465e-13] 
2.0,23.58,0.585,2.0,2.0,13.0,4.0,0.125,2.0,2.0,0.0,1.0,1.0,120.0,87.0,2.0, [ - ]  [+: 0.0]  [-: 1.92398786418e-12] 
2.0,19.17,5.415,1.0,1.0,10.0,2.0,0.29,2.0,2.0,0.0,1.0,1.0,80.0,484.0,2.0, [ - ]  [+: 0.0]  [-: 2.52141377317e-13] 
1.0,29.25,14.79,1.0,1.0,12.0,1.0,5.04,1.0,1.0,5.0,2.0,1.0,168.0,0.0,1.0, [ + ]  [+: 3.93030027181e-16]  [-: 0.0] 
1.0,59.5,2.75,1.0,1.0,1.0,1.0,1.75,1.0,1.0,5.0,2.0,1.0,60.0,58.0,1.0, [ + ]  [+: 2.47554565168e-16]  [-: 0.0] 
2.0,15.83,0.585,1.0,1.0,7.0,2.0,1.5,1.0,1.0,2.0,1.0,1.0,100.0,0.0,1.0, [ - ]  [WRONG] [+: 6.35286854266e-16]  [-: 0.0] 
1.0,27.75,0.585,2.0,2.0,5.0,1.0,0.25,1.0,1.0,2.0,1.0,1.0,260.0,500.0,1.0, [ - ]  [WRONG] [+: 3.97394634515e-16]  [-: 0.0] 
1.0,26.25,1.54,1.0,1.0,1.0,1.0,0.125,2.0,2.0,0.0,1.0,1.0,100.0,0.0,2.0, [ - ]  [+: 0.0]  [-: 3.62853517031e-13] 
1.0,19.67,10.0,2.0,2.0,6.0,2.0,0.835,1.0,2.0,0.0,2.0,1.0,140.0,0.0,2.0, [ - ]  [+: 0.0]  [-: 4.9212822763e-14] 
2.0,18.83,9.5,1.0,1.0,1.0,1.0,1.625,1.0,1.0,6.0,2.0,1.0,40.0,600.0,1.0, [ + ]  [+: 8.45529443926e-16]  [-: 0.0] 
1.0,73.42,17.75,1.0,1.0,13.0,4.0,0.0,1.0,2.0,0.0,2.0,1.0,0.0,0.0,1.0, [ - ]  [WRONG] [+: 1.45151301741e-20]  [-: 0.0] 
1.0,31.92,4.46,1.0,1.0,5.0,2.0,6.04,1.0,1.0,3.0,1.0,1.0,311.0,300.0,1.0, [ + ]  [+: 2.94900468029e-15]  [-: 0.0] 
2.0,50.08,12.54,1.0,1.0,12.0,1.0,2.29,1.0,1.0,3.0,2.0,1.0,156.0,0.0,1.0, [ - ]  [WRONG] [+: 3.33721694031e-16]  [-: 0.0] 
1.0,22.17,12.125,1.0,1.0,7.0,1.0,3.335,2.0,1.0,2.0,2.0,1.0,180.0,173.0,2.0, [ - ]  [+: 0.0]  [-: 1.21783077084e-14] 
1.0,15.17,7.0,1.0,1.0,11.0,1.0,1.0,2.0,2.0,0.0,1.0,1.0,600.0,0.0,2.0, [ - ]  [+: 0.0]  [-: 1.65273505275e-14] 
1.0,62.75,7.0,1.0,1.0,11.0,6.0,0.0,2.0,2.0,0.0,1.0,1.0,0.0,12.0,2.0, [ - ]  [+: 0.0]  [-: 1.34671112289e-15] 
1.0,25.92,0.875,1.0,1.0,6.0,1.0,0.375,2.0,1.0,2.0,2.0,1.0,174.0,3.0,2.0, [ - ]  [+: 0.0]  [-: 1.74409618045e-13] 
1.0,21.33,10.5,1.0,1.0,7.0,1.0,3.0,1.0,2.0,0.0,2.0,1.0,0.0,0.0,1.0, [ - ]  [WRONG] [+: 1.55841781445e-16]  [-: 0.0] 
2.0,20.67,1.835,1.0,1.0,2.0,1.0,2.085,1.0,1.0,5.0,1.0,1.0,220.0,2503.0,1.0, [ + ]  [+: 1.43202037064e-15]  [-: 0.0] 
1.0,16.92,0.335,2.0,2.0,6.0,1.0,0.29,2.0,2.0,0.0,1.0,2.0,200.0,0.0,2.0, [ - ]  [+: 0.0]  [-: 1.01802308958e-12] 
1.0,33.17,1.04,1.0,1.0,4.0,2.0,6.5,1.0,2.0,0.0,2.0,1.0,164.0,31285.0,1.0, [ + ]  [+: 2.16530978989e-18]  [-: 0.0] 
1.0,26.17,0.25,1.0,1.0,10.0,3.0,0.0,1.0,2.0,0.0,2.0,1.0,0.0,0.0,1.0, [ - ]  [WRONG] [+: 7.4796177143e-17]  [-: 0.0] 
1.0,28.92,15.0,1.0,1.0,7.0,2.0,5.335,1.0,1.0,11.0,1.0,1.0,0.0,2283.0,1.0, [ + ]  [+: 2.33957790415e-16]  [-: 0.0] 
1.0,39.58,13.915,1.0,1.0,1.0,1.0,8.625,1.0,1.0,6.0,2.0,1.0,70.0,0.0,1.0, [ + ]  [+: 3.33259023672e-16]  [-: 0.0] 
2.0,16.33,0.21,1.0,1.0,12.0,1.0,0.125,2.0,2.0,0.0,1.0,1.0,200.0,1.0,2.0, [ - ]  [+: 0.0]  [-: 2.70264300195e-13] 
1.0,31.5681710914,4.0,2.0,2.0,10.0,1.0,0.085,2.0,2.0,0.0,2.0,1.0,411.0,0.0,2.0, [ - ]  [+: 0.0]  [-: 8.6275329095e-13] 
1.0,54.33,6.75,1.0,1.0,7.0,2.0,2.625,1.0,1.0,11.0,2.0,1.0,0.0,284.0,1.0, [ + ]  [+: 3.1730950368e-16]  [-: 0.0] 
1.0,22.67,1.585,2.0,2.0,1.0,1.0,3.085,1.0,1.0,6.0,1.0,1.0,80.0,0.0,1.0, [ - ]  [WRONG] [+: 4.20237960569e-16]  [-: 0.0] 
1.0,20.67,0.415,1.0,1.0,7.0,1.0,0.125,2.0,2.0,0.0,1.0,1.0,0.0,44.0,2.0, [ - ]  [+: 0.0]  [-: 1.97043373922e-13] 
1.0,28.0,3.0,1.0,1.0,1.0,1.0,0.75,2.0,2.0,0.0,2.0,1.0,300.0,67.0,2.0, [ - ]  [+: 0.0]  [-: 4.57777658693e-13] 
1.0,22.58,10.04,1.0,1.0,9.0,1.0,0.04,1.0,1.0,9.0,1.0,1.0,60.0,396.0,1.0, [ + ]  [+: 9.62514417407e-16]  [-: 0.0] 
1.0,17.08,0.085,2.0,2.0,7.0,1.0,0.04,2.0,2.0,0.0,1.0,1.0,140.0,722.0,2.0, [ - ]  [+: 0.0]  [-: 3.32530637749e-13] 
1.0,22.08,2.335,1.0,1.0,6.0,1.0,0.75,2.0,2.0,0.0,1.0,1.0,180.0,0.0,2.0, [ - ]  [+: 0.0]  [-: 7.23123332973e-13] 
2.0,47.25,0.75,1.0,1.0,2.0,2.0,2.75,1.0,1.0,1.0,1.0,1.0,333.0,892.0,1.0, [ - ]  [WRONG] [+: 9.00489833582e-16]  [-: 0.0] 
1.0,17.25,3.0,1.0,1.0,6.0,1.0,0.04,2.0,2.0,0.0,2.0,1.0,160.0,40.0,2.0, [ - ]  [+: 0.0]  [-: 4.26780727966e-13] 
1.0,22.67,0.165,1.0,1.0,7.0,5.0,2.25,2.0,2.0,0.0,2.0,2.0,0.0,0.0,1.0, [ - ]  [WRONG] [+: 6.92833878216e-18]  [-: 0.0] 
1.0,29.5,0.58,1.0,1.0,1.0,1.0,0.29,2.0,1.0,1.0,1.0,1.0,340.0,2803.0,2.0, [ + ]  [WRONG] [+: 0.0]  [-: 1.86739547749e-17] 
1.0,23.58,0.46,2.0,2.0,1.0,1.0,2.625,1.0,1.0,6.0,2.0,1.0,208.0,347.0,2.0, [ - ]  [+: 0.0]  [-: 8.42205425494e-16] 
1.0,17.58,10.0,1.0,1.0,1.0,2.0,0.165,2.0,1.0,1.0,1.0,1.0,120.0,1.0,2.0, [ - ]  [+: 0.0]  [-: 1.69478934475e-14] 
2.0,19.75,0.75,1.0,1.0,7.0,1.0,0.795,1.0,1.0,5.0,2.0,1.0,140.0,5.0,2.0, [ - ]  [+: 0.0]  [-: 1.84008651607e-15] 
2.0,20.42,0.835,1.0,1.0,2.0,1.0,1.585,1.0,1.0,1.0,1.0,1.0,0.0,0.0,1.0, [ - ]  [WRONG] [+: 5.74478225897e-16]  [-: 0.0] 
1.0,41.75,0.96,1.0,1.0,9.0,1.0,2.5,1.0,2.0,0.0,1.0,1.0,510.0,600.0,1.0, [ - ]  [WRONG] [+: 5.41349288932e-17]  [-: 0.0] 
1.0,25.08,1.71,1.0,1.0,9.0,1.0,1.665,1.0,1.0,1.0,2.0,1.0,395.0,20.0,1.0, [ - ]  [WRONG] [+: 7.44684209484e-16]  [-: 0.0] 
1.0,22.92,0.17,1.0,1.0,3.0,1.0,0.085,2.0,2.0,0.0,1.0,2.0,0.0,0.0,2.0, [ - ]  [+: 0.0]  [-: 2.85835819979e-13] 
1.0,25.83,12.835,1.0,1.0,5.0,1.0,0.5,2.0,2.0,0.0,1.0,1.0,0.0,2.0,2.0, [ - ]  [+: 0.0]  [-: 1.37038002073e-14] 
1.0,28.58,3.625,1.0,1.0,12.0,1.0,0.25,2.0,2.0,0.0,2.0,1.0,100.0,0.0,2.0, [ - ]  [+: 0.0]  [-: 6.71696016994e-13] 
2.0,19.58,0.665,2.0,2.0,7.0,1.0,1.0,2.0,1.0,1.0,1.0,1.0,2000.0,2.0,2.0, [ - ]  [+: 0.0]  [-: 4.98750814421e-34] 
1.0,20.08,0.25,1.0,1.0,2.0,1.0,0.125,2.0,2.0,0.0,1.0,1.0,200.0,0.0,2.0, [ - ]  [+: 0.0]  [-: 2.06148750695e-13] 
2.0,23.5,1.5,1.0,1.0,1.0,1.0,0.875,2.0,2.0,0.0,2.0,1.0,160.0,0.0,2.0, [ - ]  [+: 0.0]  [-: 3.8940276577e-13] 
1.0,64.08,20.0,1.0,1.0,9.0,2.0,17.5,1.0,1.0,9.0,2.0,1.0,0.0,1000.0,1.0, [ + ]  [+: 1.30380797743e-20]  [-: 0.0] 
1.0,35.58,0.75,1.0,1.0,6.0,1.0,1.5,2.0,2.0,0.0,2.0,1.0,231.0,0.0,2.0, [ - ]  [+: 0.0]  [-: 6.09063775396e-13] 
2.0,25.0,11.0,2.0,2.0,12.0,1.0,4.5,1.0,2.0,0.0,1.0,1.0,120.0,0.0,2.0, [ - ]  [+: 0.0]  [-: 2.38495573976e-14] 
2.0,22.25,1.25,2.0,2.0,13.0,4.0,3.25,2.0,2.0,0.0,1.0,1.0,280.0,0.0,2.0, [ - ]  [+: 0.0]  [-: 1.5238925143e-12] 
1.0,23.17,11.125,1.0,1.0,9.0,2.0,0.46,1.0,1.0,1.0,1.0,1.0,100.0,0.0,1.0, [ + ]  [+: 1.71188016526e-15]  [-: 0.0] 
1.0,21.92,0.5,1.0,1.0,7.0,1.0,0.125,2.0,2.0,0.0,1.0,1.0,360.0,0.0,2.0, [ - ]  [+: 0.0]  [-: 2.58150070779e-13] 
1.0,36.75,0.125,2.0,2.0,7.0,1.0,1.5,2.0,2.0,0.0,2.0,1.0,232.0,113.0,1.0, [ - ]  [WRONG] [+: 7.96140207545e-18]  [-: 0.0] 
1.0,34.17,2.75,1.0,1.0,10.0,3.0,2.5,2.0,2.0,0.0,2.0,1.0,232.0,200.0,2.0, [ - ]  [+: 0.0]  [-: 7.42318376543e-13] 
1.0,18.83,0.415,2.0,2.0,7.0,1.0,0.165,2.0,1.0,1.0,1.0,1.0,200.0,1.0,2.0, [ - ]  [+: 0.0]  [-: 2.22350826958e-13] 
1.0,51.58,15.0,1.0,1.0,7.0,1.0,8.5,1.0,1.0,9.0,1.0,1.0,0.0,0.0,1.0, [ + ]  [+: 4.04654477391e-17]  [-: 0.0] 
1.0,40.92,2.25,2.0,2.0,9.0,2.0,10.0,1.0,2.0,0.0,2.0,1.0,176.0,0.0,2.0, [ + ]  [WRONG] [+: 0.0]  [-: 1.34577759336e-17] 
1.0,37.58,0.0,1.0,1.0,7.0,1.0,0.0,2.0,2.0,0.0,1.0,3.0,184.014771049,0.0,1.0, [ - ]  [WRONG] [+: 2.2202906256e-17]  [-: 0.0] 
1.0,33.17,3.04,2.0,2.0,7.0,2.0,2.04,1.0,1.0,1.0,2.0,1.0,180.0,18027.0,1.0, [ + ]  [+: 1.33891911147e-16]  [-: 0.0] 
1.0,21.17,0.875,2.0,2.0,7.0,2.0,0.25,2.0,2.0,0.0,1.0,1.0,280.0,204.0,2.0, [ - ]  [+: 0.0]  [-: 4.88824960663e-13] 
1.0,74.83,19.0,2.0,2.0,13.0,4.0,0.04,2.0,1.0,2.0,1.0,1.0,0.0,351.0,2.0, [ - ]  [+: 0.0]  [-: 9.57665028017e-20] 
2.0,25.42,1.125,1.0,1.0,2.0,1.0,1.29,1.0,1.0,2.0,1.0,1.0,200.0,0.0,2.0, [ - ]  [+: 0.0]  [-: 2.21930034796e-14] 
1.0,13.75,4.0,2.0,2.0,1.0,1.0,1.75,1.0,1.0,2.0,2.0,1.0,120.0,1000.0,1.0, [ - ]  [WRONG] [+: 2.3881802497e-16]  [-: 0.0] 
2.0,60.92,5.0,1.0,1.0,12.0,1.0,4.0,1.0,1.0,4.0,1.0,1.0,0.0,99.0,1.0, [ + ]  [+: 9.63215877309e-17]  [-: 0.0] 
1.0,25.42,0.54,1.0,1.0,1.0,1.0,0.165,2.0,1.0,1.0,1.0,1.0,272.0,444.0,2.0, [ - ]  [+: 0.0]  [-: 1.09464057674e-13] 
1.0,33.5,1.75,1.0,1.0,9.0,2.0,4.5,1.0,1.0,4.0,2.0,1.0,253.0,857.0,1.0, [ + ]  [+: 4.61481613633e-15]  [-: 0.0] 
1.0,32.75,2.335,1.0,1.0,8.0,2.0,5.75,2.0,2.0,0.0,2.0,1.0,292.0,0.0,2.0, [ - ]  [+: 0.0]  [-: 6.24133252474e-14] 
2.0,22.58,10.75,1.0,1.0,2.0,1.0,0.415,1.0,1.0,5.0,2.0,1.0,0.0,560.0,1.0, [ + ]  [+: 7.08441386983e-16]  [-: 0.0] 
1.0,23.58,1.79,1.0,1.0,7.0,1.0,0.54,2.0,2.0,0.0,2.0,1.0,136.0,1.0,2.0, [ - ]  [+: 0.0]  [-: 4.95686525977e-13] 
2.0,17.92,10.21,1.0,1.0,13.0,4.0,0.0,2.0,2.0,0.0,1.0,1.0,0.0,50.0,2.0, [ - ]  [+: 0.0]  [-: 1.32548437722e-13] 
1.0,44.33,0.5,1.0,1.0,10.0,2.0,5.0,1.0,2.0,0.0,2.0,1.0,320.0,0.0,1.0, [ - ]  [WRONG] [+: 1.37667243284e-16]  [-: 0.0] 
2.0,28.5,3.04,2.0,2.0,9.0,2.0,2.54,1.0,1.0,1.0,1.0,1.0,70.0,0.0,1.0, [ - ]  [WRONG] [+: 1.23942891839e-15]  [-: 0.0] 
1.0,40.83,3.5,1.0,1.0,10.0,3.0,0.5,2.0,2.0,0.0,1.0,2.0,1160.0,0.0,2.0, [ - ]  [+: 0.0]  [-: 9.83110502845e-19] 
1.0,43.17,5.0,1.0,1.0,10.0,3.0,2.25,2.0,2.0,0.0,2.0,1.0,141.0,0.0,2.0, [ - ]  [+: 0.0]  [-: 3.66301164121e-13] 
1.0,42.75,3.0,1.0,1.0,10.0,3.0,1.0,1.0,2.0,0.0,1.0,1.0,0.0,200.0,2.0, [ - ]  [+: 0.0]  [-: 6.11467127989e-14] 
1.0,34.83,2.5,2.0,2.0,1.0,1.0,3.0,2.0,2.0,0.0,1.0,2.0,200.0,0.0,2.0, [ - ]  [+: 0.0]  [-: 1.13367392311e-12] 
1.0,19.5,0.29,1.0,1.0,6.0,1.0,0.29,2.0,2.0,0.0,1.0,1.0,280.0,364.0,2.0, [ - ]  [+: 0.0]  [-: 3.78698343976e-13] 
1.0,32.08,4.0,2.0,2.0,5.0,1.0,1.5,2.0,2.0,0.0,2.0,1.0,120.0,0.0,2.0, [ - ]  [+: 0.0]  [-: 6.31928813941e-13] 
1.0,27.42,12.5,1.0,1.0,12.0,3.0,0.25,2.0,2.0,0.0,2.0,1.0,720.0,0.0,2.0, [ - ]  [+: 0.0]  [-: 1.23139697111e-15] 
2.0,25.58,0.0,1.0,1.0,7.0,1.0,0.0,2.0,2.0,0.0,1.0,3.0,184.014771049,0.0,1.0, [ - ]  [WRONG] [+: 1.94432532115e-17]  [-: 0.0] 
2.0,17.92,0.54,1.0,1.0,7.0,1.0,1.75,2.0,1.0,1.0,2.0,1.0,80.0,5.0,2.0, [ - ]  [+: 0.0]  [-: 8.65452016917e-14] 
1.0,24.75,0.54,1.0,1.0,3.0,1.0,1.0,2.0,2.0,0.0,2.0,1.0,120.0,1.0,2.0, [ - ]  [+: 0.0]  [-: 4.08865021779e-13] 
1.0,30.75,1.585,1.0,1.0,8.0,1.0,0.585,2.0,2.0,0.0,2.0,2.0,0.0,0.0,2.0, [ - ]  [+: 0.0]  [-: 6.38684805471e-13] 
2.0,56.83,4.25,2.0,2.0,13.0,4.0,5.0,2.0,2.0,0.0,2.0,1.0,0.0,4.0,2.0, [ - ]  [+: 0.0]  [-: 2.41147759796e-14] 
1.0,26.17,0.835,1.0,1.0,5.0,1.0,1.165,2.0,2.0,0.0,1.0,1.0,100.0,0.0,2.0, [ - ]  [+: 0.0]  [-: 2.33526063579e-13] 
2.0,19.17,8.585,1.0,1.0,5.0,2.0,0.75,1.0,1.0,7.0,1.0,1.0,96.0,0.0,1.0, [ + ]  [+: 1.80544309809e-15]  [-: 0.0] 
2.0,20.5,11.835,1.0,1.0,7.0,2.0,6.0,1.0,2.0,0.0,1.0,1.0,340.0,0.0,1.0, [ - ]  [WRONG] [+: 1.27350545768e-16]  [-: 0.0] 
1.0,23.58,0.835,1.0,1.0,10.0,2.0,0.085,2.0,2.0,0.0,2.0,1.0,220.0,5.0,2.0, [ - ]  [+: 0.0]  [-: 3.45166050733e-13] 
1.0,23.08,11.5,1.0,1.0,1.0,2.0,2.125,1.0,1.0,11.0,2.0,1.0,290.0,284.0,1.0, [ + ]  [+: 7.7978110952e-16]  [-: 0.0] 
1.0,33.17,1.0,1.0,1.0,9.0,1.0,0.75,1.0,1.0,7.0,2.0,1.0,340.0,4071.0,1.0, [ + ]  [+: 1.26275679018e-15]  [-: 0.0] 
2.0,22.5,11.0,2.0,2.0,2.0,1.0,3.0,1.0,2.0,0.0,2.0,1.0,268.0,0.0,2.0, [ - ]  [+: 0.0]  [-: 2.29932656725e-14] 
1.0,27.25,1.585,1.0,1.0,5.0,2.0,1.835,1.0,1.0,12.0,2.0,1.0,583.0,713.0,1.0, [ + ]  [+: 5.11747798111e-17]  [-: 0.0] 
1.0,22.83,3.0,1.0,1.0,3.0,1.0,1.29,1.0,1.0,1.0,1.0,1.0,260.0,800.0,1.0, [ - ]  [WRONG] [+: 9.66212869215e-16]  [-: 0.0] 
1.0,40.92,0.835,1.0,1.0,13.0,4.0,0.0,1.0,2.0,0.0,1.0,1.0,130.0,1.0,2.0, [ - ]  [+: 0.0]  [-: 1.40378098393e-13] 
1.0,22.08,0.83,1.0,1.0,7.0,2.0,2.165,2.0,2.0,0.0,2.0,1.0,128.0,0.0,1.0, [ - ]  [WRONG] [+: 3.28328977575e-17]  [-: 0.0] 
2.0,45.0,4.585,1.0,1.0,6.0,2.0,1.0,2.0,2.0,0.0,2.0,2.0,240.0,0.0,2.0, [ - ]  [+: 0.0]  [-: 3.01672799807e-13] 
2.0,20.42,10.5,2.0,2.0,9.0,2.0,0.0,2.0,2.0,0.0,2.0,1.0,154.0,32.0,2.0, [ - ]  [+: 0.0]  [-: 3.55313828124e-14] 
1.0,67.75,5.5,1.0,1.0,11.0,6.0,13.0,1.0,1.0,1.0,2.0,1.0,0.0,0.0,1.0, [ + ]  [+: 4.08519963742e-18]  [-: 0.0] 
1.0,32.67,9.0,2.0,2.0,1.0,2.0,5.25,1.0,2.0,0.0,2.0,1.0,154.0,0.0,1.0, [ - ]  [WRONG] [+: 3.06613589452e-16]  [-: 0.0] 
1.0,33.67,2.165,1.0,1.0,7.0,1.0,1.5,2.0,2.0,0.0,1.0,3.0,120.0,0.0,2.0, [ - ]  [+: 0.0]  [-: 4.92801421619e-13] 
2.0,29.5,0.46,1.0,1.0,6.0,1.0,0.54,1.0,1.0,4.0,1.0,1.0,380.0,500.0,1.0, [ - ]  [WRONG] [+: 2.58784868323e-16]  [-: 0.0] 
2.0,39.08,4.0,1.0,1.0,7.0,1.0,3.0,2.0,2.0,0.0,1.0,1.0,480.0,0.0,2.0, [ - ]  [+: 0.0]  [-: 1.19348647169e-13] 
1.0,39.5,4.25,1.0,1.0,7.0,3.0,6.5,1.0,1.0,16.0,1.0,1.0,117.0,1210.0,1.0, [ + ]  [+: 2.79705968894e-16]  [-: 0.0] 
1.0,29.75,0.665,1.0,1.0,1.0,1.0,0.25,2.0,2.0,0.0,2.0,1.0,300.0,0.0,2.0, [ - ]  [+: 0.0]  [-: 3.17313448588e-13] 
1.0,41.17,1.335,1.0,1.0,8.0,1.0,0.165,2.0,2.0,0.0,1.0,1.0,168.0,0.0,2.0, [ - ]  [+: 0.0]  [-: 4.19929707245e-13] 
2.0,44.33,0.0,1.0,1.0,7.0,1.0,2.5,1.0,2.0,0.0,1.0,1.0,0.0,0.0,1.0, [ - ]  [WRONG] [+: 1.34651003784e-16]  [-: 0.0] 
1.0,42.75,4.085,1.0,1.0,12.0,1.0,0.04,2.0,2.0,0.0,1.0,1.0,108.0,100.0,2.0, [ - ]  [+: 0.0]  [-: 3.51875292574e-13] 
1.0,32.33,7.5,1.0,1.0,11.0,3.0,1.585,1.0,2.0,0.0,2.0,2.0,420.0,0.0,2.0, [ - ]  [+: 0.0]  [-: 5.03479549729e-14] 
1.0,38.17,10.125,1.0,1.0,9.0,1.0,2.5,1.0,1.0,6.0,1.0,1.0,520.0,196.0,1.0, [ + ]  [+: 2.17971594892e-16]  [-: 0.0] 
2.0,49.83,13.585,1.0,1.0,6.0,2.0,8.5,1.0,2.0,0.0,2.0,1.0,0.0,0.0,1.0, [ + ]  [+: 2.47732164152e-17]  [-: 0.0] 
1.0,28.75,1.165,1.0,1.0,6.0,1.0,0.5,1.0,2.0,0.0,1.0,2.0,280.0,0.0,2.0, [ - ]  [+: 0.0]  [-: 2.19763610318e-13] 
2.0,19.67,0.21,1.0,1.0,2.0,2.0,0.29,1.0,1.0,11.0,1.0,1.0,80.0,99.0,1.0, [ + ]  [+: 6.06860464706e-16]  [-: 0.0] 
2.0,23.58,0.83,1.0,1.0,2.0,1.0,0.415,2.0,1.0,1.0,2.0,1.0,200.0,11.0,2.0, [ - ]  [+: 0.0]  [-: 1.01152316893e-13] 
1.0,22.17,0.585,2.0,2.0,13.0,4.0,0.0,2.0,2.0,0.0,1.0,1.0,100.0,0.0,2.0, [ - ]  [+: 0.0]  [-: 1.6156859667e-12] 
2.0,22.67,0.335,1.0,1.0,2.0,1.0,0.75,2.0,2.0,0.0,1.0,2.0,160.0,0.0,2.0, [ - ]  [+: 0.0]  [-: 3.92539320539e-13] 
2.0,33.92,1.585,2.0,2.0,13.0,4.0,0.0,1.0,2.0,0.0,1.0,1.0,320.0,0.0,2.0, [ - ]  [+: 0.0]  [-: 4.32807836724e-13] 
1.0,23.33,11.625,2.0,2.0,1.0,1.0,0.835,1.0,2.0,0.0,2.0,1.0,160.0,300.0,1.0, [ - ]  [WRONG] [+: 8.61262591127e-17]  [-: 0.0] 
1.0,44.25,11.0,2.0,2.0,8.0,1.0,1.5,1.0,2.0,0.0,1.0,2.0,0.0,0.0,2.0, [ - ]  [+: 0.0]  [-: 3.00756218514e-14] 
2.0,25.17,2.875,1.0,1.0,9.0,2.0,0.875,1.0,2.0,0.0,1.0,1.0,360.0,0.0,1.0, [ - ]  [WRONG] [+: 4.54764738073e-16]  [-: 0.0] 
1.0,28.75,1.5,2.0,2.0,7.0,1.0,1.5,1.0,2.0,0.0,2.0,1.0,0.0,225.0,2.0, [ - ]  [+: 0.0]  [-: 1.64273736604e-13] 
2.0,31.5681710914,3.5,1.0,1.0,8.0,1.0,3.0,1.0,2.0,0.0,2.0,1.0,300.0,0.0,2.0, [ - ]  [+: 0.0]  [-: 1.28516232921e-13] 
1.0,20.67,0.835,2.0,2.0,7.0,1.0,2.0,2.0,2.0,0.0,2.0,2.0,240.0,0.0,2.0, [ - ]  [+: 0.0]  [-: 1.15830179247e-12] 
1.0,22.58,1.5,2.0,2.0,12.0,1.0,0.54,2.0,2.0,0.0,2.0,1.0,120.0,67.0,2.0, [ - ]  [+: 0.0]  [-: 1.14358172051e-12] 
2.0,18.08,0.375,3.0,3.0,5.0,4.0,10.0,2.0,2.0,0.0,2.0,2.0,300.0,0.0,1.0, [ + ]  [+: 3.27799542587e-18]  [-: 0.0] 
1.0,25.75,0.75,1.0,1.0,7.0,3.0,0.25,1.0,2.0,0.0,1.0,1.0,349.0,23.0,1.0, [ - ]  [WRONG] [+: 1.2140465506e-16]  [-: 0.0] 
1.0,34.67,1.08,1.0,1.0,3.0,1.0,1.165,2.0,2.0,0.0,1.0,2.0,28.0,0.0,2.0, [ - ]  [+: 0.0]  [-: 4.91795150113e-13] 
1.0,57.42,8.5,1.0,1.0,11.0,2.0,7.0,1.0,1.0,3.0,1.0,1.0,0.0,0.0,1.0, [ + ]  [+: 2.64653686457e-16]  [-: 0.0] 
1.0,23.25,12.625,1.0,1.0,7.0,1.0,0.125,2.0,1.0,2.0,1.0,1.0,0.0,5552.0,2.0, [ + ]  [WRONG] [+: 0.0]  [-: 1.29960611011e-30] 
1.0,49.17,2.29,1.0,1.0,13.0,4.0,0.29,2.0,2.0,0.0,1.0,1.0,200.0,3.0,2.0, [ - ]  [+: 0.0]  [-: 3.18930577217e-13] 
1.0,30.08,1.04,2.0,2.0,10.0,3.0,0.5,1.0,1.0,10.0,2.0,1.0,132.0,28.0,2.0, [ + ]  [WRONG] [+: 0.0]  [-: 5.18404778064e-19] 
1.0,20.25,9.96,1.0,1.0,11.0,8.0,0.0,1.0,2.0,0.0,1.0,1.0,0.0,0.0,1.0, [ - ]  [WRONG] [+: 1.52262096096e-16]  [-: 0.0] 
2.0,23.75,0.71,1.0,1.0,1.0,1.0,0.25,2.0,1.0,1.0,2.0,1.0,240.0,4.0,2.0, [ - ]  [+: 0.0]  [-: 1.11348038739e-13] 
1.0,35.25,16.5,2.0,2.0,7.0,1.0,4.0,1.0,2.0,0.0,1.0,1.0,80.0,0.0,2.0, [ - ]  [+: 0.0]  [-: 7.55153967412e-16] 
2.0,30.25,5.5,1.0,1.0,6.0,1.0,5.5,2.0,2.0,0.0,2.0,2.0,100.0,0.0,2.0, [ - ]  [+: 0.0]  [-: 1.76283227282e-13] 
1.0,45.17,1.5,1.0,1.0,7.0,1.0,2.5,1.0,2.0,0.0,2.0,1.0,140.0,0.0,2.0, [ - ]  [+: 0.0]  [-: 4.17639806084e-14] 
1.0,20.17,5.625,1.0,1.0,1.0,1.0,1.71,1.0,2.0,0.0,1.0,2.0,120.0,0.0,1.0, [ - ]  [WRONG] [+: 1.92367509368e-16]  [-: 0.0] 
2.0,20.83,8.5,1.0,1.0,7.0,1.0,0.165,2.0,2.0,0.0,1.0,1.0,0.0,351.0,2.0, [ - ]  [+: 0.0]  [-: 1.33428384424e-13] 
2.0,30.58,10.665,1.0,1.0,2.0,2.0,0.085,2.0,1.0,12.0,2.0,1.0,129.0,3.0,2.0, [ + ]  [WRONG] [+: 0.0]  [-: 2.67739672464e-22] 
1.0,23.25,1.5,1.0,1.0,2.0,1.0,2.375,1.0,1.0,3.0,2.0,1.0,0.0,582.0,1.0, [ - ]  [WRONG] [+: 1.02935336976e-15]  [-: 0.0] 
2.0,24.33,2.5,2.0,2.0,10.0,3.0,4.5,2.0,2.0,0.0,1.0,1.0,200.0,456.0,2.0, [ - ]  [+: 0.0]  [-: 5.87914801898e-13] 
1.0,19.58,0.585,1.0,1.0,13.0,4.0,0.0,2.0,1.0,3.0,1.0,1.0,350.0,769.0,2.0, [ - ]  [+: 0.0]  [-: 5.82594596414e-14] 
1.0,42.17,5.04,1.0,1.0,2.0,2.0,12.75,1.0,2.0,0.0,2.0,1.0,92.0,0.0,1.0, [ + ]  [+: 7.20505893226e-17]  [-: 0.0] 
1.0,49.58,19.0,1.0,1.0,13.0,4.0,0.0,1.0,1.0,1.0,1.0,1.0,94.0,0.0,2.0, [ - ]  [+: 0.0]  [-: 1.44011092452e-17] 
1.0,26.92,2.25,1.0,1.0,10.0,3.0,0.5,2.0,2.0,0.0,2.0,1.0,640.0,4000.0,2.0, [ + ]  [WRONG] [+: 0.0]  [-: 5.0128762473e-22] 
2.0,31.5681710914,1.5,1.0,1.0,13.0,4.0,0.0,2.0,1.0,2.0,2.0,1.0,200.0,105.0,2.0, [ - ]  [+: 0.0]  [-: 3.35563360367e-13] 
2.0,25.0,0.875,1.0,1.0,9.0,2.0,1.04,1.0,2.0,0.0,2.0,1.0,160.0,5860.0,1.0, [ + ]  [+: 7.57661071642e-16]  [-: 0.0] 
1.0,25.67,0.29,2.0,2.0,7.0,1.0,1.5,2.0,2.0,0.0,2.0,1.0,160.0,0.0,2.0, [ - ]  [+: 0.0]  [-: 9.65153039579e-13] 
1.0,42.83,1.25,1.0,1.0,3.0,1.0,13.875,2.0,1.0,1.0,2.0,1.0,352.0,112.0,2.0, [ + ]  [WRONG] [+: 0.0]  [-: 6.66926747918e-21] 
2.0,36.0,1.0,1.0,1.0,7.0,1.0,2.0,1.0,1.0,11.0,1.0,1.0,0.0,456.0,1.0, [ + ]  [+: 4.98986251102e-16]  [-: 0.0] 
1.0,20.0,7.0,1.0,1.0,7.0,1.0,0.5,2.0,2.0,0.0,1.0,1.0,0.0,0.0,2.0, [ - ]  [+: 0.0]  [-: 1.97162709821e-13] 
1.0,34.25,3.0,1.0,1.0,5.0,2.0,7.415,1.0,2.0,0.0,2.0,1.0,0.0,0.0,1.0, [ - ]  [WRONG] [+: 5.05128379004e-16]  [-: 0.0] 
2.0,28.17,0.375,1.0,1.0,2.0,1.0,0.585,1.0,1.0,4.0,1.0,1.0,80.0,0.0,1.0, [ - ]  [WRONG] [+: 1.26415381784e-15]  [-: 0.0] 
1.0,34.5,4.04,2.0,2.0,10.0,3.0,8.5,1.0,1.0,7.0,2.0,1.0,195.0,0.0,1.0, [ + ]  [+: 1.94585251042e-16]  [-: 0.0] 
1.0,34.92,5.0,1.0,1.0,9.0,2.0,7.5,1.0,1.0,6.0,2.0,1.0,0.0,1000.0,1.0, [ + ]  [+: 2.49607208873e-15]  [-: 0.0] 
2.0,58.67,4.46,1.0,1.0,2.0,2.0,3.04,1.0,1.0,6.0,1.0,1.0,43.0,560.0,1.0, [ + ]  [+: 5.15119041707e-16]  [-: 0.0] 
1.0,24.83,2.75,1.0,1.0,7.0,1.0,2.25,1.0,1.0,6.0,1.0,1.0,184.014771049,600.0,1.0, [ + ]  [+: 1.49132426077e-15]  [-: 0.0] 
1.0,16.25,0.0,2.0,2.0,12.0,1.0,0.25,2.0,2.0,0.0,1.0,1.0,60.0,0.0,2.0, [ - ]  [+: 0.0]  [-: 4.21252725374e-13] 
2.0,47.42,8.0,1.0,1.0,11.0,3.0,6.5,1.0,1.0,6.0,1.0,1.0,375.0,51100.0,1.0, [ + ]  [+: 1.05730131289e-23]  [-: 0.0] 
1.0,16.33,4.085,1.0,1.0,10.0,2.0,0.415,2.0,2.0,0.0,2.0,1.0,120.0,0.0,2.0, [ - ]  [+: 0.0]  [-: 2.50303844686e-13] 
2.0,19.17,0.585,2.0,2.0,12.0,1.0,0.585,1.0,2.0,0.0,2.0,1.0,160.0,0.0,2.0, [ - ]  [+: 0.0]  [-: 1.76430158834e-13] 
2.0,33.75,0.75,1.0,1.0,6.0,3.0,1.0,1.0,1.0,3.0,2.0,1.0,212.0,0.0,2.0, [ - ]  [+: 0.0]  [-: 2.24245867322e-14] 
1.0,35.17,25.125,1.0,1.0,9.0,2.0,1.625,1.0,1.0,1.0,2.0,1.0,515.0,500.0,1.0, [ + ]  [+: 6.73277666028e-19]  [-: 0.0] 
2.0,41.17,6.5,1.0,1.0,2.0,1.0,0.5,1.0,1.0,3.0,2.0,1.0,145.0,0.0,1.0, [ - ]  [WRONG] [+: 2.21991015557e-15]  [-: 0.0] 
2.0,46.67,0.46,1.0,1.0,5.0,2.0,0.415,1.0,1.0,11.0,2.0,1.0,440.0,6.0,1.0, [ + ]  [+: 2.09340384713e-16]  [-: 0.0] 
2.0,38.25,6.0,1.0,1.0,6.0,1.0,1.0,1.0,2.0,0.0,2.0,1.0,0.0,0.0,1.0, [ - ]  [WRONG] [+: 1.78238497543e-16]  [-: 0.0] 
1.0,36.67,2.0,1.0,1.0,10.0,1.0,0.25,2.0,2.0,0.0,2.0,1.0,221.0,0.0,2.0, [ - ]  [+: 0.0]  [-: 6.34014459548e-13] 
1.0,34.25,1.75,1.0,1.0,1.0,3.0,0.25,1.0,2.0,0.0,2.0,1.0,163.0,0.0,2.0, [ - ]  [+: 0.0]  [-: 8.32100704761e-14] 
1.0,33.58,2.75,1.0,1.0,3.0,1.0,4.25,1.0,1.0,6.0,1.0,1.0,204.0,0.0,1.0, [ + ]  [+: 2.03802685954e-15]  [-: 0.0] 
1.0,26.33,13.0,1.0,1.0,11.0,8.0,0.0,2.0,2.0,0.0,2.0,1.0,140.0,1110.0,2.0, [ - ]  [+: 0.0]  [-: 8.93459500556e-15] 
2.0,60.58,16.5,1.0,1.0,2.0,1.0,11.0,1.0,2.0,0.0,2.0,1.0,21.0,10561.0,1.0, [ + ]  [+: 9.31508432794e-19]  [-: 0.0] 
1.0,24.5,12.75,1.0,1.0,7.0,3.0,4.75,1.0,1.0,2.0,1.0,1.0,73.0,444.0,1.0, [ - ]  [WRONG] [+: 6.09211371752e-16]  [-: 0.0] 
1.0,32.08,4.0,1.0,1.0,3.0,1.0,2.5,1.0,2.0,0.0,2.0,1.0,360.0,0.0,1.0, [ - ]  [WRONG] [+: 2.92883565258e-16]  [-: 0.0] 
1.0,22.0,7.835,2.0,2.0,10.0,3.0,0.165,2.0,2.0,0.0,2.0,1.0,184.014771049,0.0,2.0, [ - ]  [+: 0.0]  [-: 7.97616827086e-13] 
1.0,56.58,18.5,1.0,1.0,8.0,3.0,15.0,1.0,1.0,17.0,2.0,1.0,0.0,0.0,1.0, [ + ]  [+: 2.33338318714e-20]  [-: 0.0] 
2.0,37.75,5.5,1.0,1.0,2.0,1.0,0.125,1.0,2.0,0.0,2.0,1.0,228.0,0.0,1.0, [ - ]  [WRONG] [+: 5.78684112721e-16]  [-: 0.0] 
1.0,21.5,11.5,1.0,1.0,10.0,1.0,0.5,1.0,2.0,0.0,2.0,1.0,100.0,68.0,2.0, [ - ]  [+: 0.0]  [-: 2.07409508899e-14] 
1.0,56.75,12.25,1.0,1.0,3.0,1.0,1.25,1.0,1.0,4.0,2.0,1.0,200.0,0.0,1.0, [ + ]  [+: 2.0444998938e-16]  [-: 0.0] 
2.0,22.42,5.665,1.0,1.0,2.0,1.0,2.585,1.0,1.0,7.0,1.0,1.0,129.0,3257.0,1.0, [ + ]  [+: 2.10220674367e-15]  [-: 0.0] 
1.0,20.42,1.085,1.0,1.0,2.0,1.0,1.5,2.0,2.0,0.0,1.0,1.0,108.0,7.0,2.0, [ - ]  [+: 0.0]  [-: 2.53796017435e-13] 
1.0,63.33,0.54,1.0,1.0,7.0,1.0,0.585,1.0,1.0,3.0,2.0,1.0,180.0,0.0,2.0, [ - ]  [+: 0.0]  [-: 1.80111181605e-16] 
1.0,31.5681710914,0.5,1.0,1.0,7.0,3.0,0.835,1.0,2.0,0.0,2.0,2.0,320.0,0.0,2.0, [ - ]  [+: 0.0]  [-: 1.2566915908e-13] 
1.0,21.33,7.5,1.0,1.0,12.0,1.0,1.415,1.0,1.0,1.0,1.0,1.0,80.0,9800.0,1.0, [ + ]  [+: 4.33510035313e-16]  [-: 0.0] 
1.0,25.75,0.5,1.0,1.0,7.0,1.0,1.46,1.0,1.0,5.0,2.0,1.0,312.0,0.0,1.0, [ - ]  [WRONG] [+: 7.26760005807e-16]  [-: 0.0] 
1.0,34.58,0.0,1.0,1.0,7.0,1.0,0.0,2.0,2.0,0.0,1.0,3.0,184.014771049,0.0,2.0, [ - ]  [+: 0.0]  [-: 3.08220936654e-13] 
1.0,29.83,1.25,2.0,2.0,6.0,1.0,0.25,2.0,2.0,0.0,1.0,1.0,224.0,0.0,2.0, [ - ]  [+: 0.0]  [-: 1.51345786995e-12] 
1.0,28.25,0.875,1.0,1.0,3.0,1.0,0.96,1.0,1.0,3.0,2.0,1.0,396.0,0.0,1.0, [ - ]  [WRONG] [+: 4.39366036019e-16]  [-: 0.0] 
1.0,27.0,0.75,1.0,1.0,7.0,2.0,4.25,1.0,1.0,3.0,2.0,1.0,312.0,150.0,1.0, [ - ]  [WRONG] [+: 1.32447811487e-15]  [-: 0.0] 
1.0,21.17,0.25,2.0,2.0,7.0,2.0,0.25,2.0,2.0,0.0,1.0,1.0,280.0,204.0,2.0, [ - ]  [+: 0.0]  [-: 4.33593074599e-13] 
1.0,22.17,2.25,1.0,1.0,10.0,1.0,0.125,2.0,2.0,0.0,1.0,1.0,160.0,10.0,2.0, [ - ]  [+: 0.0]  [-: 6.54054719339e-13] 
1.0,30.67,2.5,1.0,1.0,5.0,2.0,2.25,2.0,2.0,0.0,2.0,2.0,340.0,0.0,2.0, [ - ]  [+: 0.0]  [-: 2.01690885497e-13] 
2.0,24.75,3.0,1.0,1.0,2.0,2.0,1.835,1.0,1.0,19.0,1.0,1.0,0.0,500.0,1.0, [ + ]  [+: 1.20835285187e-16]  [-: 0.0] 
1.0,21.25,1.5,1.0,1.0,1.0,1.0,1.5,2.0,2.0,0.0,1.0,1.0,150.0,8.0,1.0, [ - ]  [WRONG] [+: 2.63569601671e-17]  [-: 0.0] 
1.0,31.83,2.5,1.0,1.0,12.0,1.0,7.5,1.0,2.0,0.0,2.0,1.0,523.0,0.0,2.0, [ - ]  [+: 0.0]  [-: 7.50042144104e-16] 
1.0,25.67,12.5,1.0,1.0,5.0,1.0,1.21,1.0,1.0,67.0,2.0,1.0,140.0,258.0,1.0, [ + ]  [+: 5.29088962208e-38]  [-: 0.0] 
1.0,25.0,12.5,1.0,1.0,12.0,1.0,3.0,1.0,2.0,0.0,2.0,2.0,20.0,0.0,1.0, [ - ]  [WRONG] [+: 5.4680420184e-17]  [-: 0.0] 
1.0,23.92,0.665,1.0,1.0,7.0,1.0,0.165,2.0,2.0,0.0,1.0,1.0,100.0,0.0,1.0, [ - ]  [WRONG] [+: 1.58589856469e-17]  [-: 0.0] 
1.0,22.67,0.75,1.0,1.0,10.0,1.0,1.585,2.0,1.0,1.0,2.0,1.0,400.0,9.0,2.0, [ - ]  [+: 0.0]  [-: 1.18839432447e-13] 
2.0,20.83,3.0,1.0,1.0,12.0,1.0,0.04,1.0,2.0,0.0,1.0,1.0,100.0,0.0,1.0, [ - ]  [WRONG] [+: 1.50337519972e-16]  [-: 0.0] 
2.0,30.0,5.29,1.0,1.0,11.0,8.0,2.25,1.0,1.0,5.0,2.0,1.0,99.0,500.0,1.0, [ + ]  [+: 3.27952383779e-15]  [-: 0.0] 
1.0,48.33,12.0,1.0,1.0,3.0,1.0,16.0,1.0,2.0,0.0,1.0,2.0,110.0,0.0,1.0, [ + ]  [+: 6.59013392141e-19]  [-: 0.0] 
1.0,24.42,12.335,1.0,1.0,2.0,2.0,1.585,1.0,2.0,0.0,2.0,1.0,120.0,0.0,1.0, [ - ]  [WRONG] [+: 4.3542493677e-16]  [-: 0.0] 
2.0,18.83,4.415,2.0,2.0,7.0,2.0,3.0,1.0,2.0,0.0,1.0,1.0,240.0,0.0,1.0, [ - ]  [WRONG] [+: 1.30714976565e-16]  [-: 0.0] 
1.0,23.25,1.0,1.0,1.0,7.0,1.0,0.835,1.0,2.0,0.0,1.0,2.0,300.0,0.0,1.0, [ - ]  [WRONG] [+: 8.06306039237e-17]  [-: 0.0] 
2.0,20.75,9.54,1.0,1.0,10.0,1.0,0.04,2.0,2.0,0.0,1.0,1.0,200.0,1000.0,2.0, [ - ]  [+: 0.0]  [-: 9.77602496644e-14] 
1.0,40.58,5.0,1.0,1.0,7.0,1.0,5.0,1.0,1.0,7.0,1.0,1.0,0.0,3065.0,1.0, [ + ]  [+: 1.02132805983e-15]  [-: 0.0] 
1.0,23.33,1.5,1.0,1.0,7.0,2.0,1.415,1.0,2.0,0.0,1.0,1.0,422.0,200.0,1.0, [ - ]  [WRONG] [+: 1.09268195655e-16]  [-: 0.0] 
2.0,22.67,7.0,1.0,1.0,7.0,1.0,0.165,2.0,2.0,0.0,1.0,1.0,160.0,0.0,2.0, [ - ]  [+: 0.0]  [-: 3.7634252177e-13] 
2.0,27.25,0.29,1.0,1.0,3.0,2.0,0.125,2.0,1.0,1.0,2.0,1.0,272.0,108.0,2.0, [ - ]  [+: 0.0]  [-: 8.23908761824e-14] 
1.0,41.42,5.0,1.0,1.0,2.0,2.0,5.0,1.0,1.0,6.0,2.0,1.0,470.0,0.0,1.0, [ + ]  [+: 6.05940326879e-16]  [-: 0.0] 
2.0,23.5,9.0,1.0,1.0,2.0,1.0,8.5,1.0,1.0,5.0,2.0,1.0,120.0,0.0,1.0, [ + ]  [+: 1.00276914456e-15]  [-: 0.0] 
1.0,36.17,5.5,1.0,1.0,10.0,3.0,5.0,2.0,2.0,0.0,1.0,1.0,210.0,687.0,2.0, [ - ]  [+: 0.0]  [-: 1.40701868759e-13] 
1.0,31.08,1.5,2.0,2.0,1.0,1.0,0.04,2.0,2.0,0.0,1.0,2.0,160.0,0.0,2.0, [ - ]  [+: 0.0]  [-: 1.25361178847e-12] 
1.0,21.83,1.54,1.0,1.0,6.0,1.0,0.085,2.0,2.0,0.0,2.0,1.0,356.0,0.0,2.0, [ - ]  [+: 0.0]  [-: 3.81085952243e-13] 
2.0,17.83,11.0,1.0,1.0,9.0,2.0,1.0,1.0,1.0,11.0,1.0,1.0,0.0,3000.0,1.0, [ + ]  [+: 5.50652773644e-16]  [-: 0.0] 
1.0,38.58,3.335,1.0,1.0,1.0,1.0,4.0,1.0,1.0,14.0,1.0,1.0,383.0,1344.0,1.0, [ + ]  [+: 3.02365193699e-16]  [-: 0.0] 
1.0,32.83,2.5,1.0,1.0,5.0,2.0,2.75,1.0,1.0,6.0,1.0,1.0,160.0,2072.0,1.0, [ + ]  [+: 4.81427899264e-15]  [-: 0.0] 
1.0,32.42,3.0,1.0,1.0,8.0,1.0,0.165,2.0,2.0,0.0,2.0,1.0,120.0,0.0,2.0, [ - ]  [+: 0.0]  [-: 7.1849974517e-13] 
1.0,21.08,10.085,2.0,2.0,11.0,2.0,1.25,2.0,2.0,0.0,1.0,1.0,260.0,0.0,2.0, [ - ]  [+: 0.0]  [-: 1.50250233871e-13] 
2.0,26.58,2.54,2.0,2.0,13.0,4.0,0.0,2.0,2.0,0.0,2.0,1.0,180.0,60.0,2.0, [ - ]  [+: 0.0]  [-: 2.73568112312e-12] 
1.0,19.67,0.375,1.0,1.0,2.0,1.0,2.0,1.0,1.0,2.0,2.0,1.0,80.0,0.0,1.0, [ - ]  [WRONG] [+: 8.86670657158e-16]  [-: 0.0] 
1.0,32.25,0.165,2.0,2.0,7.0,2.0,3.25,1.0,1.0,1.0,2.0,1.0,432.0,8000.0,1.0, [ + ]  [+: 1.10668506834e-16]  [-: 0.0] 
1.0,37.75,7.0,1.0,1.0,2.0,2.0,11.5,1.0,1.0,7.0,2.0,1.0,300.0,5.0,2.0, [ + ]  [WRONG] [+: 0.0]  [-: 8.62134067567e-22] 
1.0,20.17,9.25,1.0,1.0,7.0,1.0,1.665,1.0,1.0,3.0,2.0,1.0,40.0,28.0,1.0, [ - ]  [WRONG] [+: 7.39377251714e-16]  [-: 0.0] 
2.0,16.08,0.335,1.0,1.0,13.0,4.0,0.0,2.0,1.0,1.0,1.0,1.0,160.0,126.0,2.0, [ - ]  [+: 0.0]  [-: 1.81781658965e-13] 
1.0,18.08,6.75,2.0,2.0,3.0,1.0,0.04,2.0,2.0,0.0,1.0,1.0,140.0,0.0,2.0, [ - ]  [+: 0.0]  [-: 5.26363134518e-13] 
2.0,52.83,15.0,1.0,1.0,7.0,1.0,5.5,1.0,1.0,14.0,1.0,1.0,0.0,2200.0,1.0, [ + ]  [+: 2.78000590883e-17]  [-: 0.0] 
1.0,20.42,7.0,1.0,1.0,7.0,1.0,1.625,1.0,1.0,3.0,1.0,1.0,200.0,1391.0,1.0, [ - ]  [WRONG] [+: 1.17070657029e-15]  [-: 0.0] 
2.0,69.5,6.0,1.0,1.0,13.0,4.0,0.0,2.0,2.0,0.0,1.0,2.0,0.0,0.0,2.0, [ - ]  [+: 0.0]  [-: 1.67979773356e-15] 
1.0,35.75,2.415,1.0,1.0,1.0,1.0,0.125,2.0,1.0,2.0,1.0,1.0,220.0,1.0,2.0, [ - ]  [+: 0.0]  [-: 1.1160196474e-13] 
2.0,41.33,1.0,1.0,1.0,10.0,3.0,2.25,1.0,2.0,0.0,2.0,1.0,0.0,300.0,1.0, [ - ]  [WRONG] [+: 1.20296652188e-16]  [-: 0.0] 
2.0,21.25,2.335,1.0,1.0,10.0,3.0,0.5,1.0,1.0,4.0,1.0,2.0,80.0,0.0,1.0, [ - ]  [WRONG] [+: 2.34873555894e-16]  [-: 0.0] 
1.0,47.67,2.5,1.0,1.0,3.0,3.0,2.5,1.0,1.0,12.0,2.0,1.0,410.0,2510.0,1.0, [ + ]  [+: 1.77893547026e-16]  [-: 0.0] 
1.0,30.17,6.5,1.0,1.0,5.0,1.0,3.125,1.0,1.0,8.0,1.0,1.0,330.0,1200.0,1.0, [ + ]  [+: 1.86674667848e-15]  [-: 0.0] 
2.0,28.67,1.04,1.0,1.0,7.0,1.0,2.5,1.0,1.0,5.0,2.0,1.0,300.0,1430.0,1.0, [ + ]  [+: 1.10862094375e-15]  [-: 0.0] 
1.0,37.33,6.5,1.0,1.0,3.0,2.0,4.25,1.0,1.0,12.0,2.0,1.0,93.0,0.0,1.0, [ + ]  [+: 1.6583390237e-15]  [-: 0.0] 
1.0,20.42,0.0,1.0,1.0,7.0,1.0,0.0,2.0,2.0,0.0,1.0,3.0,184.014771049,0.0,2.0, [ - ]  [+: 0.0]  [-: 2.45806274314e-13] 
1.0,29.58,4.75,1.0,1.0,3.0,1.0,2.0,2.0,1.0,1.0,2.0,1.0,460.0,68.0,2.0, [ - ]  [+: 0.0]  [-: 8.15218426961e-14] 
1.0,30.17,1.085,2.0,2.0,7.0,1.0,0.04,2.0,2.0,0.0,1.0,1.0,170.0,179.0,2.0, [ - ]  [+: 0.0]  [-: 1.11437975671e-12] 
2.0,57.58,2.0,1.0,1.0,13.0,4.0,6.5,2.0,1.0,1.0,1.0,1.0,0.0,10.0,2.0, [ - ]  [+: 0.0]  [-: 8.68471669392e-16] 
1.0,23.75,0.415,2.0,2.0,7.0,1.0,0.04,2.0,1.0,2.0,1.0,1.0,128.0,6.0,2.0, [ - ]  [+: 0.0]  [-: 2.15844763999e-13] 
2.0,18.42,9.25,1.0,1.0,2.0,1.0,1.21,1.0,1.0,4.0,1.0,1.0,60.0,540.0,1.0, [ - ]  [WRONG] [+: 9.38672292015e-16]  [-: 0.0] 
1.0,36.33,3.79,1.0,1.0,1.0,1.0,1.165,1.0,2.0,0.0,2.0,1.0,200.0,0.0,2.0, [ - ]  [+: 0.0]  [-: 9.96072363955e-14] 
1.0,32.75,1.5,1.0,1.0,5.0,2.0,5.5,1.0,1.0,3.0,2.0,1.0,0.0,0.0,1.0, [ + ]  [+: 2.24950412069e-15]  [-: 0.0] 
2.0,22.67,0.79,1.0,1.0,10.0,1.0,0.085,2.0,2.0,0.0,1.0,1.0,144.0,0.0,2.0, [ - ]  [+: 0.0]  [-: 5.26660232137e-13] 
2.0,15.83,7.625,1.0,1.0,2.0,1.0,0.125,2.0,1.0,1.0,2.0,1.0,0.0,160.0,2.0, [ - ]  [+: 0.0]  [-: 2.40436898045e-14] 
2.0,24.5,2.415,2.0,2.0,7.0,1.0,0.0,2.0,2.0,0.0,1.0,1.0,120.0,0.0,2.0, [ - ]  [+: 0.0]  [-: 1.02296324982e-12] 
1.0,24.08,0.875,1.0,1.0,3.0,1.0,0.085,2.0,1.0,4.0,1.0,1.0,254.0,1950.0,2.0, [ - ]  [+: 0.0]  [-: 5.94728024079e-16] 
2.0,33.25,2.5,2.0,2.0,7.0,1.0,2.5,2.0,2.0,0.0,2.0,1.0,0.0,2.0,2.0, [ - ]  [+: 0.0]  [-: 6.50184423793e-13] 
1.0,52.5,6.5,1.0,1.0,6.0,1.0,6.29,1.0,1.0,15.0,1.0,1.0,0.0,11202.0,1.0, [ + ]  [+: 2.81531139133e-17]  [-: 0.0] 
2.0,22.5,8.46,2.0,2.0,9.0,1.0,2.46,2.0,2.0,0.0,1.0,1.0,164.0,0.0,1.0, [ - ]  [WRONG] [+: 1.86065488298e-17]  [-: 0.0] 
2.0,56.5,16.0,1.0,1.0,14.0,4.0,0.0,1.0,1.0,15.0,1.0,1.0,0.0,247.0,1.0, [ + ]  [+: 2.1664141197e-18]  [-: 0.0] 
1.0,76.75,22.29,1.0,1.0,11.0,6.0,12.75,1.0,1.0,1.0,2.0,1.0,0.0,109.0,1.0, [ + ]  [+: 4.72957984655e-21]  [-: 0.0] 
1.0,27.67,13.75,1.0,1.0,1.0,1.0,5.75,1.0,2.0,0.0,2.0,1.0,487.0,500.0,1.0, [ - ]  [WRONG] [+: 2.57011437326e-17]  [-: 0.0] 
2.0,28.5,1.0,1.0,1.0,2.0,1.0,1.0,1.0,1.0,2.0,2.0,1.0,167.0,500.0,2.0, [ - ]  [+: 0.0]  [-: 1.9691159982e-14] 
1.0,33.75,2.75,1.0,1.0,10.0,3.0,0.0,2.0,2.0,0.0,1.0,1.0,180.0,0.0,2.0, [ - ]  [+: 0.0]  [-: 7.44412466448e-13] 
2.0,18.25,10.0,1.0,1.0,1.0,1.0,1.0,2.0,1.0,1.0,1.0,1.0,120.0,1.0,2.0, [ - ]  [+: 0.0]  [-: 3.2453499669e-14] 
1.0,52.42,1.5,1.0,1.0,8.0,1.0,3.75,2.0,2.0,0.0,2.0,1.0,0.0,350.0,2.0, [ - ]  [+: 0.0]  [-: 3.07681472573e-14] 
1.0,25.33,0.58,1.0,1.0,7.0,1.0,0.29,1.0,1.0,7.0,2.0,1.0,96.0,5124.0,1.0, [ + ]  [+: 7.4930588687e-16]  [-: 0.0] 
1.0,39.92,6.21,1.0,1.0,2.0,1.0,0.04,1.0,1.0,1.0,1.0,1.0,200.0,300.0,1.0, [ - ]  [WRONG] [+: 1.72073822199e-15]  [-: 0.0] 
2.0,27.42,14.5,1.0,1.0,9.0,2.0,3.085,1.0,1.0,1.0,1.0,1.0,120.0,11.0,1.0, [ + ]  [+: 1.31972335245e-15]  [-: 0.0] 
1.0,28.17,0.585,1.0,1.0,12.0,1.0,0.04,2.0,2.0,0.0,1.0,1.0,260.0,1004.0,2.0, [ - ]  [+: 0.0]  [-: 2.42735326548e-13] 
1.0,22.67,10.5,1.0,1.0,2.0,2.0,1.335,1.0,2.0,0.0,1.0,1.0,100.0,0.0,1.0, [ - ]  [WRONG] [+: 4.86714893344e-16]  [-: 0.0] 
1.0,16.0,3.125,1.0,1.0,1.0,1.0,0.085,2.0,1.0,1.0,1.0,1.0,0.0,6.0,2.0, [ - ]  [+: 0.0]  [-: 4.73800516219e-14] 
2.0,21.5,6.0,1.0,1.0,12.0,1.0,2.5,1.0,1.0,3.0,1.0,1.0,80.0,918.0,1.0, [ - ]  [WRONG] [+: 9.23172257679e-16]  [-: 0.0] 
1.0,20.0,11.045,1.0,1.0,7.0,1.0,2.0,2.0,2.0,0.0,2.0,1.0,136.0,0.0,2.0, [ - ]  [+: 0.0]  [-: 8.50973238618e-14] 
1.0,21.58,0.79,2.0,2.0,5.0,1.0,0.665,2.0,2.0,0.0,1.0,1.0,160.0,0.0,2.0, [ - ]  [+: 0.0]  [-: 4.24693892551e-13] 
2.0,33.25,3.0,2.0,2.0,12.0,1.0,2.0,2.0,2.0,0.0,1.0,1.0,180.0,0.0,2.0, [ - ]  [+: 0.0]  [-: 1.67292996295e-12] 
2.0,55.75,7.08,1.0,1.0,6.0,2.0,6.75,1.0,1.0,3.0,2.0,1.0,100.0,50.0,2.0, [ + ]  [WRONG] [+: 0.0]  [-: 3.8832669949e-17] 
1.0,42.5,4.915,2.0,2.0,1.0,1.0,3.165,1.0,2.0,0.0,2.0,1.0,52.0,1442.0,1.0, [ - ]  [WRONG] [+: 1.63541034448e-16]  [-: 0.0] 
1.0,19.42,1.5,2.0,2.0,5.0,1.0,2.0,1.0,2.0,0.0,2.0,1.0,100.0,20.0,2.0, [ - ]  [+: 0.0]  [-: 7.50834786971e-14] 
2.0,17.33,9.5,1.0,1.0,12.0,1.0,1.75,2.0,1.0,10.0,2.0,1.0,0.0,10.0,2.0, [ + ]  [WRONG] [+: 0.0]  [-: 1.58427165884e-19] 
1.0,48.17,7.625,1.0,1.0,1.0,2.0,15.5,1.0,1.0,12.0,1.0,1.0,0.0,790.0,1.0, [ + ]  [+: 7.56606813078e-18]  [-: 0.0] 
2.0,47.75,8.0,1.0,1.0,7.0,1.0,7.875,1.0,1.0,6.0,2.0,1.0,0.0,1260.0,1.0, [ + ]  [+: 4.02295161256e-16]  [-: 0.0] 
1.0,33.67,1.25,1.0,1.0,1.0,1.0,1.165,2.0,2.0,0.0,1.0,1.0,120.0,0.0,2.0, [ - ]  [+: 0.0]  [-: 4.12208658729e-13] 
1.0,57.83,7.04,1.0,1.0,3.0,1.0,14.0,1.0,1.0,6.0,2.0,1.0,360.0,1332.0,1.0, [ + ]  [+: 6.64202986519e-18]  [-: 0.0] 
1.0,30.33,0.5,1.0,1.0,8.0,2.0,0.085,2.0,2.0,0.0,2.0,2.0,252.0,0.0,2.0, [ - ]  [+: 0.0]  [-: 5.14151624668e-13] 
2.0,41.0,2.04,2.0,2.0,2.0,2.0,0.125,1.0,1.0,23.0,2.0,1.0,455.0,1236.0,1.0, [ + ]  [+: 1.69978433158e-18]  [-: 0.0] 
1.0,34.83,4.0,1.0,1.0,8.0,3.0,12.5,1.0,2.0,0.0,2.0,1.0,184.014771049,0.0,2.0, [ + ]  [WRONG] [+: 0.0]  [-: 4.78084432411e-19] 
2.0,41.58,1.04,1.0,1.0,12.0,1.0,0.665,2.0,2.0,0.0,1.0,1.0,240.0,237.0,2.0, [ - ]  [+: 0.0]  [-: 3.95241335948e-13] 
1.0,39.17,2.5,2.0,2.0,10.0,2.0,10.0,2.0,2.0,0.0,2.0,2.0,200.0,0.0,2.0, [ - ]  [+: 0.0]  [-: 5.26945764211e-16] 
1.0,37.42,2.04,1.0,1.0,1.0,1.0,0.04,1.0,2.0,0.0,2.0,1.0,400.0,5800.0,1.0, [ + ]  [+: 1.29110217303e-16]  [-: 0.0] 
1.0,28.92,0.375,1.0,1.0,7.0,1.0,0.29,2.0,2.0,0.0,1.0,1.0,220.0,140.0,2.0, [ - ]  [+: 0.0]  [-: 4.99844440016e-13] 
2.0,22.5,0.415,1.0,1.0,10.0,1.0,0.335,2.0,2.0,0.0,2.0,2.0,144.0,0.0,2.0, [ - ]  [+: 0.0]  [-: 7.13222413346e-13] 
2.0,52.17,0.0,2.0,2.0,13.0,4.0,0.0,2.0,2.0,0.0,1.0,1.0,0.0,0.0,2.0, [ - ]  [+: 0.0]  [-: 1.44244864698e-13] 
1.0,23.92,1.5,1.0,1.0,8.0,2.0,1.875,1.0,1.0,6.0,1.0,1.0,200.0,327.0,1.0, [ + ]  [+: 1.03676629885e-15]  [-: 0.0] 
1.0,48.5,4.25,1.0,1.0,3.0,1.0,0.125,1.0,2.0,0.0,2.0,1.0,225.0,0.0,1.0, [ - ]  [WRONG] [+: 2.18766538756e-16]  [-: 0.0] 
1.0,29.58,4.5,1.0,1.0,1.0,1.0,7.5,1.0,1.0,2.0,2.0,1.0,330.0,0.0,1.0, [ + ]  [+: 9.7337278972e-16]  [-: 0.0] 
1.0,17.67,4.46,1.0,1.0,7.0,1.0,0.25,2.0,2.0,0.0,1.0,2.0,80.0,0.0,2.0, [ - ]  [+: 0.0]  [-: 4.49435512502e-13] 
2.0,25.25,12.5,1.0,1.0,8.0,1.0,1.0,2.0,2.0,0.0,2.0,1.0,180.0,1062.0,2.0, [ - ]  [+: 0.0]  [-: 3.08669968889e-14] 
1.0,29.67,0.75,2.0,2.0,7.0,1.0,0.04,2.0,2.0,0.0,1.0,1.0,240.0,0.0,2.0, [ - ]  [+: 0.0]  [-: 9.95986056566e-13] 
1.0,21.92,0.54,2.0,2.0,9.0,1.0,0.04,1.0,1.0,1.0,2.0,1.0,840.0,59.0,1.0, [ - ]  [WRONG] [+: 3.28598941156e-20]  [-: 0.0] 
2.0,24.92,1.25,1.0,1.0,13.0,4.0,0.0,1.0,2.0,0.0,1.0,1.0,80.0,0.0,2.0, [ - ]  [+: 0.0]  [-: 2.00110312896e-13] 
1.0,21.17,0.0,1.0,1.0,7.0,1.0,0.5,2.0,2.0,0.0,2.0,2.0,0.0,0.0,2.0, [ - ]  [+: 0.0]  [-: 2.74644917309e-13] 
1.0,34.17,1.54,1.0,1.0,5.0,1.0,1.54,1.0,1.0,1.0,2.0,1.0,520.0,50000.0,1.0, [ + ]  [+: 8.16314953074e-24]  [-: 0.0] 
1.0,19.5,9.585,1.0,1.0,12.0,1.0,0.79,2.0,2.0,0.0,1.0,1.0,80.0,350.0,2.0, [ - ]  [+: 0.0]  [-: 1.68801703018e-13] 
2.0,25.25,13.5,2.0,2.0,13.0,4.0,2.0,2.0,1.0,1.0,2.0,1.0,200.0,1.0,2.0, [ - ]  [+: 0.0]  [-: 5.62177716963e-14] 
2.0,27.58,3.0,1.0,1.0,3.0,1.0,2.79,2.0,1.0,1.0,2.0,1.0,280.0,10.0,2.0, [ - ]  [+: 0.0]  [-: 1.65387953808e-13] 
2.0,35.42,12.0,1.0,1.0,2.0,2.0,14.0,1.0,1.0,8.0,1.0,1.0,0.0,6590.0,1.0, [ + ]  [+: 3.89187191723e-17]  [-: 0.0] 
1.0,38.42,0.705,1.0,1.0,7.0,1.0,0.375,2.0,1.0,2.0,1.0,1.0,225.0,500.0,2.0, [ - ]  [+: 0.0]  [-: 9.55509646959e-14] 
1.0,34.0,5.5,2.0,2.0,7.0,1.0,1.5,2.0,2.0,0.0,2.0,1.0,60.0,0.0,2.0, [ - ]  [+: 0.0]  [-: 9.37792008917e-13] 
1.0,19.33,10.915,1.0,1.0,7.0,3.0,0.585,2.0,1.0,2.0,2.0,1.0,200.0,7.0,2.0, [ - ]  [+: 0.0]  [-: 2.40769021245e-14] 
2.0,45.83,10.5,1.0,1.0,2.0,1.0,5.0,1.0,1.0,7.0,2.0,1.0,0.0,0.0,1.0, [ + ]  [+: 7.76040098808e-16]  [-: 0.0] 
2.0,30.67,12.0,1.0,1.0,7.0,1.0,2.0,1.0,1.0,1.0,1.0,1.0,220.0,19.0,1.0, [ - ]  [WRONG] [+: 8.87969351943e-16]  [-: 0.0] 
1.0,48.08,6.04,1.0,1.0,6.0,1.0,0.04,2.0,2.0,0.0,1.0,1.0,0.0,2690.0,1.0, [ - ]  [WRONG] [+: 6.63812707808e-18]  [-: 0.0] 
2.0,38.58,5.0,1.0,1.0,5.0,1.0,13.5,1.0,2.0,0.0,2.0,1.0,980.0,0.0,2.0, [ + ]  [WRONG] [+: 0.0]  [-: 1.51671262786e-24] 
2.0,22.83,2.29,1.0,1.0,2.0,2.0,2.29,1.0,1.0,7.0,2.0,1.0,140.0,2384.0,1.0, [ + ]  [+: 2.82477317194e-15]  [-: 0.0] 
2.0,22.92,1.25,1.0,1.0,2.0,1.0,0.25,2.0,2.0,0.0,2.0,1.0,120.0,809.0,2.0, [ - ]  [+: 0.0]  [-: 1.65918502689e-13] 
1.0,18.5,2.0,1.0,1.0,10.0,1.0,1.5,1.0,1.0,2.0,1.0,1.0,120.0,300.0,1.0, [ - ]  [WRONG] [+: 4.09592922985e-16]  [-: 0.0] 
1.0,26.0,1.0,1.0,1.0,2.0,1.0,1.75,1.0,2.0,0.0,2.0,1.0,280.0,0.0,1.0, [ - ]  [WRONG] [+: 3.63791811352e-16]  [-: 0.0] 
1.0,39.92,0.54,2.0,2.0,12.0,1.0,0.5,1.0,1.0,3.0,1.0,1.0,200.0,1000.0,1.0, [ - ]  [WRONG] [+: 2.24668070685e-16]  [-: 0.0] 
1.0,48.25,25.085,1.0,1.0,1.0,1.0,1.75,1.0,1.0,3.0,1.0,1.0,120.0,14.0,1.0, [ + ]  [+: 2.03262157721e-18]  [-: 0.0] 
1.0,21.08,4.125,2.0,2.0,10.0,2.0,0.04,2.0,2.0,0.0,1.0,1.0,140.0,100.0,2.0, [ - ]  [+: 0.0]  [-: 8.20351816896e-13] 
2.0,28.58,3.75,1.0,1.0,7.0,1.0,0.25,2.0,1.0,1.0,2.0,1.0,40.0,154.0,2.0, [ - ]  [+: 0.0]  [-: 1.60043006909e-13] 
2.0,18.83,9.54,1.0,1.0,12.0,1.0,0.085,1.0,2.0,0.0,1.0,1.0,100.0,0.0,1.0, [ - ]  [WRONG] [+: 1.13833192873e-16]  [-: 0.0] 
2.0,21.75,11.75,1.0,1.0,7.0,1.0,0.25,2.0,2.0,0.0,2.0,1.0,180.0,0.0,2.0, [ - ]  [+: 0.0]  [-: 6.64699466382e-14] 
1.0,34.42,4.25,1.0,1.0,10.0,3.0,3.25,1.0,1.0,2.0,1.0,1.0,274.0,610.0,1.0, [ - ]  [WRONG] [+: 9.86766127209e-16]  [-: 0.0] 
2.0,16.92,0.5,1.0,1.0,10.0,1.0,0.165,2.0,1.0,6.0,2.0,1.0,240.0,35.0,2.0, [ - ]  [+: 0.0]  [-: 1.99804123437e-15] 
1.0,31.5681710914,0.04,2.0,2.0,8.0,1.0,4.25,2.0,2.0,0.0,2.0,1.0,460.0,0.0,2.0, [ - ]  [+: 0.0]  [-: 1.94380956814e-13] 
1.0,20.5,10.0,2.0,2.0,7.0,1.0,2.5,1.0,2.0,0.0,1.0,2.0,40.0,0.0,1.0, [ - ]  [WRONG] [+: 2.94652452103e-17]  [-: 0.0] 
2.0,24.5,1.04,2.0,2.0,13.0,4.0,0.5,1.0,1.0,3.0,1.0,1.0,180.0,147.0,2.0, [ - ]  [+: 0.0]  [-: 9.13742605764e-14] 
1.0,27.25,1.665,1.0,1.0,5.0,2.0,5.085,1.0,1.0,9.0,1.0,1.0,399.0,827.0,1.0, [ + ]  [+: 9.23179985961e-16]  [-: 0.0] 
1.0,33.17,2.25,2.0,2.0,5.0,1.0,3.5,2.0,2.0,0.0,2.0,1.0,200.0,141.0,2.0, [ - ]  [+: 0.0]  [-: 4.06019493764e-13] 
2.0,18.58,10.0,1.0,1.0,8.0,1.0,0.415,2.0,2.0,0.0,1.0,1.0,80.0,42.0,2.0, [ - ]  [+: 0.0]  [-: 1.36425866031e-13] 
1.0,60.08,14.5,1.0,1.0,13.0,4.0,18.0,1.0,1.0,15.0,2.0,1.0,0.0,1000.0,1.0, [ + ]  [+: 1.61281853085e-21]  [-: 0.0] 
1.0,47.67,0.29,1.0,1.0,7.0,3.0,15.0,1.0,1.0,20.0,1.0,1.0,0.0,15000.0,1.0, [ + ]  [+: 1.00229348044e-19]  [-: 0.0] 
1.0,26.67,14.585,1.0,1.0,10.0,3.0,0.0,2.0,2.0,0.0,2.0,1.0,178.0,0.0,2.0, [ - ]  [+: 0.0]  [-: 1.95231915386e-14] 
1.0,41.92,0.42,1.0,1.0,7.0,2.0,0.21,1.0,1.0,6.0,1.0,1.0,220.0,948.0,1.0, [ + ]  [+: 1.17054866091e-15]  [-: 0.0] 
1.0,47.33,6.5,1.0,1.0,7.0,1.0,1.0,2.0,2.0,0.0,2.0,1.0,0.0,228.0,2.0, [ - ]  [+: 0.0]  [-: 9.09397460441e-14] 
2.0,53.33,0.165,1.0,1.0,13.0,4.0,0.0,2.0,2.0,0.0,2.0,2.0,62.0,27.0,2.0, [ - ]  [+: 0.0]  [-: 1.09941386381e-13] 
2.0,27.33,1.665,1.0,1.0,13.0,4.0,0.0,2.0,2.0,0.0,1.0,1.0,340.0,1.0,2.0, [ - ]  [+: 0.0]  [-: 9.42242796216e-13] 
1.0,40.0,6.5,1.0,1.0,12.0,3.0,3.5,1.0,1.0,1.0,1.0,1.0,0.0,500.0,1.0, [ - ]  [WRONG] [+: 7.6993367359e-16]  [-: 0.0] 
1.0,43.17,2.25,1.0,1.0,10.0,3.0,0.75,1.0,2.0,0.0,1.0,1.0,560.0,0.0,2.0, [ - ]  [+: 0.0]  [-: 1.34777962716e-14] 
1.0,62.5,12.75,2.0,2.0,7.0,2.0,5.0,1.0,2.0,0.0,1.0,1.0,112.0,0.0,2.0, [ - ]  [+: 0.0]  [-: 4.87521746603e-17] 
2.0,25.0,12.33,1.0,1.0,5.0,2.0,3.5,1.0,1.0,6.0,1.0,1.0,400.0,458.0,1.0, [ + ]  [+: 7.16091429777e-16]  [-: 0.0] 
1.0,42.0,0.205,1.0,1.0,10.0,2.0,5.125,1.0,2.0,0.0,1.0,1.0,400.0,0.0,1.0, [ - ]  [WRONG] [+: 7.33993234241e-17]  [-: 0.0] 
1.0,47.83,4.165,1.0,1.0,9.0,3.0,0.085,2.0,2.0,0.0,2.0,1.0,520.0,0.0,2.0, [ - ]  [+: 0.0]  [-: 9.14265360172e-15] 
2.0,20.33,10.0,1.0,1.0,7.0,2.0,1.0,1.0,1.0,4.0,1.0,1.0,50.0,1465.0,1.0, [ + ]  [+: 9.89036470681e-16]  [-: 0.0] 
1.0,18.67,5.0,1.0,1.0,2.0,1.0,0.375,1.0,1.0,2.0,1.0,1.0,0.0,38.0,2.0, [ - ]  [+: 0.0]  [-: 9.09631527321e-15] 
1.0,35.0,2.5,1.0,1.0,10.0,1.0,1.0,2.0,2.0,0.0,2.0,1.0,210.0,0.0,2.0, [ - ]  [+: 0.0]  [-: 8.07355751154e-13] 
1.0,16.33,2.75,1.0,1.0,12.0,1.0,0.665,2.0,1.0,1.0,1.0,1.0,80.0,21.0,2.0, [ - ]  [+: 0.0]  [-: 1.24870417559e-13] 
1.0,56.0,12.5,1.0,1.0,6.0,2.0,8.0,1.0,2.0,0.0,2.0,1.0,24.0,2028.0,1.0, [ + ]  [+: 2.1079258308e-17]  [-: 0.0] 
1.0,23.0,0.75,1.0,1.0,3.0,1.0,0.5,2.0,2.0,0.0,2.0,2.0,320.0,0.0,2.0, [ - ]  [+: 0.0]  [-: 4.75700626758e-13] 
1.0,22.5,0.125,2.0,2.0,6.0,1.0,0.125,2.0,2.0,0.0,1.0,1.0,200.0,70.0,2.0, [ - ]  [+: 0.0]  [-: 1.0189713367e-12] 
1.0,37.5,1.125,2.0,2.0,8.0,1.0,1.5,2.0,2.0,0.0,2.0,1.0,431.0,0.0,1.0, [ - ]  [WRONG] [+: 1.44841685848e-18]  [-: 0.0] 
1.0,36.67,3.25,1.0,1.0,2.0,2.0,9.0,1.0,2.0,0.0,2.0,1.0,102.0,639.0,1.0, [ + ]  [+: 4.5414920989e-16]  [-: 0.0] 
2.0,27.67,1.5,1.0,1.0,3.0,1.0,2.0,1.0,2.0,0.0,1.0,2.0,368.0,0.0,2.0, [ - ]  [+: 0.0]  [-: 1.18230127311e-13] 
2.0,40.83,10.0,1.0,1.0,2.0,2.0,1.75,1.0,2.0,0.0,1.0,1.0,29.0,837.0,1.0, [ - ]  [WRONG] [+: 5.27615274403e-16]  [-: 0.0] 
1.0,29.67,1.415,1.0,1.0,1.0,2.0,0.75,1.0,1.0,1.0,1.0,1.0,240.0,100.0,1.0, [ - ]  [WRONG] [+: 1.89030768088e-15]  [-: 0.0] 
1.0,36.08,2.54,1.0,1.0,13.0,4.0,0.0,2.0,2.0,0.0,1.0,1.0,0.0,1000.0,2.0, [ - ]  [+: 0.0]  [-: 3.03725759836e-13] 
1.0,52.33,1.375,2.0,2.0,7.0,2.0,9.46,1.0,2.0,0.0,2.0,1.0,200.0,100.0,2.0, [ + ]  [WRONG] [+: 0.0]  [-: 2.45849698957e-17] 
