1.0,25.5,0.375,1.0,1.0,3.0,1.0,0.25,1.0,1.0,3.0,1.0,1.0,260.0,15108.0,1.0, [ + ]  [+: 1.97845472198e-16]  [-: 0.0] 
1.0,42.0,9.79,1.0,1.0,9.0,2.0,7.96,1.0,1.0,8.0,1.0,1.0,0.0,0.0,1.0, [ + ]  [+: 8.36857710987e-16]  [-: 0.0] 
1.0,17.42,6.5,1.0,1.0,10.0,1.0,0.125,2.0,2.0,0.0,1.0,1.0,60.0,100.0,2.0, [ - ]  [+: 0.0]  [-: 2.80438344936e-13] 
1.0,24.42,12.335,1.0,1.0,2.0,2.0,1.585,1.0,2.0,0.0,2.0,1.0,120.0,0.0,1.0, [ - ]  [WRONG] [+: 3.98882207941e-16]  [-: 0.0] 
1.0,43.25,25.21,1.0,1.0,2.0,2.0,0.21,1.0,1.0,1.0,1.0,1.0,760.0,90.0,2.0, [ + ]  [WRONG] [+: 0.0]  [-: 2.44746197373e-22] 
2.0,23.42,0.79,2.0,2.0,2.0,1.0,1.5,1.0,1.0,2.0,2.0,1.0,80.0,400.0,1.0, [ - ]  [WRONG] [+: 2.88535594367e-16]  [-: 0.0] 
1.0,48.75,26.335,2.0,2.0,13.0,4.0,0.0,1.0,2.0,0.0,2.0,1.0,0.0,0.0,2.0, [ - ]  [+: 0.0]  [-: 3.46306632357e-20] 
2.0,25.58,0.0,1.0,1.0,7.0,1.0,0.0,2.0,2.0,0.0,1.0,3.0,184.014771049,0.0,1.0, [ - ]  [WRONG] [+: 1.19346658527e-17]  [-: 0.0] 
1.0,31.25,1.125,1.0,1.0,13.0,4.0,0.0,2.0,1.0,1.0,1.0,1.0,96.0,19.0,2.0, [ - ]  [+: 0.0]  [-: 3.91402625563e-13] 
1.0,58.58,2.71,1.0,1.0,7.0,1.0,2.415,2.0,2.0,0.0,2.0,1.0,320.0,0.0,2.0, [ - ]  [+: 0.0]  [-: 1.40175473259e-14] 
1.0,26.67,1.75,2.0,2.0,7.0,1.0,1.0,1.0,1.0,5.0,2.0,1.0,160.0,5777.0,1.0, [ + ]  [+: 2.65636316177e-16]  [-: 0.0] 
2.0,24.08,0.5,1.0,1.0,2.0,2.0,1.25,1.0,1.0,1.0,1.0,1.0,0.0,678.0,1.0, [ - ]  [WRONG] [+: 8.26993196962e-16]  [-: 0.0] 
2.0,21.67,11.5,2.0,2.0,14.0,5.0,0.0,1.0,1.0,11.0,2.0,1.0,0.0,0.0,1.0, [ + ]  [+: 4.10665324761e-17]  [-: 0.0] 
2.0,22.67,0.335,1.0,1.0,2.0,1.0,0.75,2.0,2.0,0.0,1.0,2.0,160.0,0.0,2.0, [ - ]  [+: 0.0]  [-: 2.83959495161e-13] 
1.0,32.75,1.5,1.0,1.0,5.0,2.0,5.5,1.0,1.0,3.0,2.0,1.0,0.0,0.0,1.0, [ + ]  [+: 1.51996974058e-15]  [-: 0.0] 
2.0,31.5681710914,1.5,1.0,1.0,13.0,4.0,0.0,2.0,1.0,2.0,2.0,1.0,200.0,105.0,2.0, [ - ]  [+: 0.0]  [-: 3.64511395833e-13] 
1.0,24.42,2.0,1.0,1.0,11.0,8.0,0.165,2.0,1.0,2.0,1.0,1.0,320.0,1300.0,2.0, [ - ]  [+: 0.0]  [-: 6.76147611474e-14] 
1.0,27.83,1.0,2.0,2.0,8.0,2.0,3.0,2.0,2.0,0.0,1.0,1.0,176.0,537.0,2.0, [ - ]  [+: 0.0]  [-: 6.39702508849e-13] 
2.0,18.08,0.375,3.0,3.0,5.0,4.0,10.0,2.0,2.0,0.0,2.0,2.0,300.0,0.0,1.0, [ + ]  [+: 2.5100229603e-18]  [-: 0.0] 
1.0,42.08,1.04,1.0,1.0,1.0,1.0,5.0,1.0,1.0,6.0,2.0,1.0,500.0,10000.0,1.0, [ + ]  [+: 8.24343292685e-17]  [-: 0.0] 
1.0,34.92,2.5,1.0,1.0,1.0,1.0,0.0,1.0,2.0,0.0,2.0,1.0,239.0,200.0,1.0, [ - ]  [WRONG] [+: 3.09988080517e-16]  [-: 0.0] 
1.0,23.92,0.665,1.0,1.0,7.0,1.0,0.165,2.0,2.0,0.0,1.0,1.0,100.0,0.0,1.0, [ - ]  [WRONG] [+: 1.02752924377e-17]  [-: 0.0] 
2.0,19.5,0.165,1.0,1.0,2.0,1.0,0.04,2.0,2.0,0.0,2.0,1.0,380.0,0.0,2.0, [ - ]  [+: 0.0]  [-: 8.88652118306e-14] 
2.0,20.67,1.835,1.0,1.0,2.0,1.0,2.085,1.0,1.0,5.0,1.0,1.0,220.0,2503.0,1.0, [ + ]  [+: 1.11132247924e-15]  [-: 0.0] 
2.0,18.42,9.25,1.0,1.0,2.0,1.0,1.21,1.0,1.0,4.0,1.0,1.0,60.0,540.0,1.0, [ - ]  [WRONG] [+: 7.64771332033e-16]  [-: 0.0] 
1.0,29.17,3.5,1.0,1.0,1.0,1.0,3.5,1.0,1.0,3.0,2.0,1.0,329.0,0.0,2.0, [ - ]  [+: 0.0]  [-: 1.28051960294e-14] 
1.0,18.08,5.5,1.0,1.0,6.0,1.0,0.5,1.0,2.0,0.0,1.0,1.0,80.0,0.0,1.0, [ - ]  [WRONG] [+: 8.28898676575e-17]  [-: 0.0] 
2.0,20.42,10.5,2.0,2.0,9.0,2.0,0.0,2.0,2.0,0.0,2.0,1.0,154.0,32.0,2.0, [ - ]  [+: 0.0]  [-: 3.53440918918e-14] 
1.0,26.25,1.54,1.0,1.0,1.0,1.0,0.125,2.0,2.0,0.0,1.0,1.0,100.0,0.0,2.0, [ - ]  [+: 0.0]  [-: 3.70104991561e-13] 
1.0,19.67,0.375,1.0,1.0,2.0,1.0,2.0,1.0,1.0,2.0,2.0,1.0,80.0,0.0,1.0, [ - ]  [WRONG] [+: 6.45916437336e-16]  [-: 0.0] 
1.0,25.08,1.71,1.0,1.0,9.0,1.0,1.665,1.0,1.0,1.0,2.0,1.0,395.0,20.0,1.0, [ - ]  [WRONG] [+: 5.79831993854e-16]  [-: 0.0] 
1.0,67.75,5.5,1.0,1.0,11.0,6.0,13.0,1.0,1.0,1.0,2.0,1.0,0.0,0.0,1.0, [ + ]  [+: 1.91014013284e-18]  [-: 0.0] 
1.0,26.17,0.25,1.0,1.0,10.0,3.0,0.0,1.0,2.0,0.0,2.0,1.0,0.0,0.0,1.0, [ - ]  [WRONG] [+: 5.99847492031e-17]  [-: 0.0] 
1.0,44.25,0.5,1.0,1.0,3.0,1.0,10.75,1.0,2.0,0.0,1.0,2.0,400.0,0.0,2.0, [ + ]  [WRONG] [+: 0.0]  [-: 2.77405081101e-18] 
2.0,44.17,6.665,1.0,1.0,2.0,1.0,7.375,1.0,1.0,3.0,2.0,1.0,0.0,0.0,1.0, [ + ]  [+: 6.78951361137e-16]  [-: 0.0] 
2.0,28.67,1.04,1.0,1.0,7.0,1.0,2.5,1.0,1.0,5.0,2.0,1.0,300.0,1430.0,1.0, [ + ]  [+: 8.09053565523e-16]  [-: 0.0] 
1.0,33.75,2.75,1.0,1.0,10.0,3.0,0.0,2.0,2.0,0.0,1.0,1.0,180.0,0.0,2.0, [ - ]  [+: 0.0]  [-: 6.92577065485e-13] 
2.0,36.75,5.125,1.0,1.0,11.0,1.0,5.0,1.0,2.0,0.0,2.0,1.0,0.0,4000.0,1.0, [ + ]  [+: 2.9320344915e-16]  [-: 0.0] 
2.0,41.17,6.5,1.0,1.0,2.0,1.0,0.5,1.0,1.0,3.0,2.0,1.0,145.0,0.0,1.0, [ - ]  [WRONG] [+: 1.74661621399e-15]  [-: 0.0] 
2.0,17.83,11.0,1.0,1.0,9.0,2.0,1.0,1.0,1.0,11.0,1.0,1.0,0.0,3000.0,1.0, [ + ]  [+: 5.11268682118e-16]  [-: 0.0] 
2.0,28.58,1.665,1.0,1.0,2.0,1.0,2.415,1.0,2.0,0.0,2.0,1.0,440.0,0.0,2.0, [ - ]  [+: 0.0]  [-: 2.83503593744e-14] 
1.0,22.25,9.0,1.0,1.0,12.0,1.0,0.085,2.0,2.0,0.0,1.0,1.0,0.0,0.0,2.0, [ - ]  [+: 0.0]  [-: 1.48859782981e-13] 
1.0,18.08,6.75,2.0,2.0,3.0,1.0,0.04,2.0,2.0,0.0,1.0,1.0,140.0,0.0,2.0, [ - ]  [+: 0.0]  [-: 4.17515660409e-13] 
1.0,31.83,0.04,2.0,2.0,3.0,1.0,0.04,2.0,2.0,0.0,1.0,1.0,0.0,0.0,2.0, [ - ]  [+: 0.0]  [-: 3.69116582274e-13] 
1.0,23.0,0.625,2.0,2.0,12.0,1.0,0.125,1.0,2.0,0.0,1.0,1.0,180.0,1.0,2.0, [ - ]  [+: 0.0]  [-: 1.88835289252e-13] 
1.0,25.75,0.75,1.0,1.0,7.0,3.0,0.25,1.0,2.0,0.0,1.0,1.0,349.0,23.0,1.0, [ - ]  [WRONG] [+: 1.01370313728e-16]  [-: 0.0] 
1.0,24.08,0.875,1.0,1.0,3.0,1.0,0.085,2.0,1.0,4.0,1.0,1.0,254.0,1950.0,2.0, [ - ]  [+: 0.0]  [-: 1.37156760711e-15] 
1.0,21.83,11.0,1.0,1.0,9.0,1.0,0.29,1.0,1.0,6.0,1.0,1.0,121.0,0.0,1.0, [ + ]  [+: 9.73344090674e-16]  [-: 0.0] 
1.0,65.42,11.0,1.0,1.0,11.0,6.0,20.0,1.0,1.0,7.0,2.0,1.0,22.0,0.0,1.0, [ + ]  [+: 7.12345540944e-21]  [-: 0.0] 
1.0,36.17,18.125,1.0,1.0,1.0,1.0,0.085,2.0,2.0,0.0,1.0,1.0,320.0,3552.0,2.0, [ + ]  [WRONG] [+: 0.0]  [-: 9.17009152626e-21] 
1.0,25.42,0.54,1.0,1.0,1.0,1.0,0.165,2.0,1.0,1.0,1.0,1.0,272.0,444.0,2.0, [ - ]  [+: 0.0]  [-: 1.33090768836e-13] 
1.0,22.08,11.0,1.0,1.0,5.0,1.0,0.665,1.0,2.0,0.0,1.0,1.0,100.0,0.0,1.0, [ - ]  [WRONG] [+: 2.45094984956e-16]  [-: 0.0] 
2.0,25.33,2.085,1.0,1.0,7.0,2.0,2.75,1.0,2.0,0.0,2.0,1.0,360.0,1.0,2.0, [ - ]  [+: 0.0]  [-: 4.21180708709e-14] 
1.0,32.67,5.5,1.0,1.0,2.0,2.0,5.5,1.0,1.0,12.0,2.0,1.0,408.0,1000.0,1.0, [ + ]  [+: 6.51187005137e-16]  [-: 0.0] 
2.0,20.5,11.835,1.0,1.0,7.0,2.0,6.0,1.0,2.0,0.0,1.0,1.0,340.0,0.0,1.0, [ - ]  [WRONG] [+: 1.13328312281e-16]  [-: 0.0] 
1.0,39.83,0.5,1.0,1.0,3.0,1.0,0.25,1.0,2.0,0.0,1.0,2.0,288.0,0.0,2.0, [ - ]  [+: 0.0]  [-: 5.87669112764e-14] 
1.0,41.58,1.75,1.0,1.0,6.0,1.0,0.21,1.0,2.0,0.0,1.0,1.0,160.0,0.0,2.0, [ - ]  [+: 0.0]  [-: 8.57699116934e-14] 
1.0,19.42,7.25,1.0,1.0,3.0,1.0,0.04,2.0,1.0,1.0,1.0,1.0,100.0,1.0,2.0, [ - ]  [+: 0.0]  [-: 7.84536087546e-14] 
1.0,19.0,0.0,2.0,2.0,13.0,4.0,0.0,2.0,1.0,4.0,1.0,1.0,45.0,1.0,2.0, [ - ]  [+: 0.0]  [-: 8.34671019503e-14] 
1.0,24.58,12.5,1.0,1.0,1.0,1.0,0.875,1.0,2.0,0.0,2.0,1.0,260.0,0.0,2.0, [ - ]  [+: 0.0]  [-: 1.21588397872e-14] 
2.0,33.67,0.375,1.0,1.0,5.0,1.0,0.375,2.0,2.0,0.0,1.0,1.0,300.0,44.0,1.0, [ - ]  [WRONG] [+: 1.87258703368e-17]  [-: 0.0] 
1.0,41.92,0.42,1.0,1.0,7.0,2.0,0.21,1.0,1.0,6.0,1.0,1.0,220.0,948.0,1.0, [ + ]  [+: 8.34957548023e-16]  [-: 0.0] 
1.0,36.75,0.125,2.0,2.0,7.0,1.0,1.5,2.0,2.0,0.0,2.0,1.0,232.0,113.0,1.0, [ - ]  [WRONG] [+: 4.93205711219e-18]  [-: 0.0] 
2.0,22.5,8.5,1.0,1.0,2.0,1.0,1.75,1.0,1.0,10.0,1.0,1.0,80.0,990.0,2.0, [ + ]  [WRONG] [+: 0.0]  [-: 1.18933019493e-19] 
1.0,33.5,1.75,1.0,1.0,9.0,2.0,4.5,1.0,1.0,4.0,2.0,1.0,253.0,857.0,1.0, [ + ]  [+: 3.27668217795e-15]  [-: 0.0] 
1.0,32.67,9.0,2.0,2.0,1.0,2.0,5.25,1.0,2.0,0.0,2.0,1.0,154.0,0.0,1.0, [ - ]  [WRONG] [+: 2.15637876766e-16]  [-: 0.0] 
2.0,53.33,0.165,1.0,1.0,13.0,4.0,0.0,2.0,2.0,0.0,2.0,2.0,62.0,27.0,2.0, [ - ]  [+: 0.0]  [-: 7.96634033624e-14] 
2.0,23.58,0.585,2.0,2.0,13.0,4.0,0.125,2.0,2.0,0.0,1.0,1.0,120.0,87.0,2.0, [ - ]  [+: 0.0]  [-: 1.64326290109e-12] 
1.0,21.17,0.25,2.0,2.0,7.0,2.0,0.25,2.0,2.0,0.0,1.0,1.0,280.0,204.0,2.0, [ - ]  [+: 0.0]  [-: 3.99879021946e-13] 
1.0,52.5,6.5,1.0,1.0,6.0,1.0,6.29,1.0,1.0,15.0,1.0,1.0,0.0,11202.0,1.0, [ + ]  [+: 2.47553261425e-17]  [-: 0.0] 
1.0,37.58,0.0,1.0,1.0,7.0,1.0,0.0,2.0,2.0,0.0,1.0,3.0,184.014771049,0.0,1.0, [ - ]  [WRONG] [+: 1.32377754651e-17]  [-: 0.0] 
1.0,34.0,4.5,1.0,1.0,12.0,1.0,1.0,1.0,2.0,0.0,2.0,1.0,240.0,0.0,2.0, [ - ]  [+: 0.0]  [-: 1.49142572565e-13] 
1.0,57.83,7.04,1.0,1.0,3.0,1.0,14.0,1.0,1.0,6.0,2.0,1.0,360.0,1332.0,1.0, [ + ]  [+: 4.66938298957e-18]  [-: 0.0] 
1.0,24.75,0.54,1.0,1.0,3.0,1.0,1.0,2.0,2.0,0.0,2.0,1.0,120.0,1.0,2.0, [ - ]  [+: 0.0]  [-: 3.19535799503e-13] 
1.0,34.42,4.25,1.0,1.0,10.0,3.0,3.25,1.0,1.0,2.0,1.0,1.0,274.0,610.0,1.0, [ - ]  [WRONG] [+: 7.30239550996e-16]  [-: 0.0] 
1.0,33.58,0.335,2.0,2.0,5.0,1.0,0.085,2.0,2.0,0.0,1.0,1.0,180.0,0.0,2.0, [ - ]  [+: 0.0]  [-: 4.33399621656e-13] 
1.0,30.83,0.0,1.0,1.0,1.0,1.0,1.25,1.0,1.0,1.0,1.0,1.0,202.0,0.0,1.0, [ - ]  [WRONG] [+: 7.94456632785e-16]  [-: 0.0] 
1.0,35.58,0.75,1.0,1.0,6.0,1.0,1.5,2.0,2.0,0.0,2.0,1.0,231.0,0.0,2.0, [ - ]  [+: 0.0]  [-: 6.03094851441e-13] 
1.0,39.25,9.5,1.0,1.0,3.0,1.0,6.5,1.0,1.0,14.0,1.0,1.0,240.0,4607.0,1.0, [ + ]  [+: 4.03019383032e-16]  [-: 0.0] 
1.0,18.83,3.54,2.0,2.0,13.0,4.0,0.0,2.0,2.0,0.0,2.0,1.0,180.0,1.0,2.0, [ - ]  [+: 0.0]  [-: 1.63115878174e-12] 
1.0,26.75,4.5,2.0,2.0,7.0,3.0,2.5,2.0,2.0,0.0,1.0,1.0,200.0,1210.0,2.0, [ - ]  [+: 0.0]  [-: 4.35743550711e-13] 
1.0,36.25,5.0,1.0,1.0,7.0,3.0,2.5,1.0,1.0,6.0,1.0,1.0,0.0,367.0,1.0, [ + ]  [+: 9.63170336779e-16]  [-: 0.0] 
1.0,34.75,2.5,1.0,1.0,5.0,3.0,0.5,2.0,2.0,0.0,1.0,1.0,348.0,0.0,2.0, [ - ]  [+: 0.0]  [-: 2.06370866554e-13] 
2.0,22.75,6.165,1.0,1.0,12.0,1.0,0.165,2.0,2.0,0.0,1.0,1.0,220.0,1000.0,2.0, [ - ]  [+: 0.0]  [-: 2.51092619318e-13] 
2.0,30.0,5.29,1.0,1.0,11.0,8.0,2.25,1.0,1.0,5.0,2.0,1.0,99.0,500.0,1.0, [ - ]  [WRONG] [+: 0.0]  [-: 0.0] 
1.0,18.25,0.165,1.0,1.0,8.0,1.0,0.25,2.0,2.0,0.0,2.0,2.0,280.0,0.0,2.0, [ - ]  [+: 0.0]  [-: 3.61208766234e-13] 
2.0,33.75,0.75,1.0,1.0,6.0,3.0,1.0,1.0,1.0,3.0,2.0,1.0,212.0,0.0,2.0, [ - ]  [+: 0.0]  [-: 2.65038832101e-14] 
1.0,37.17,4.0,1.0,1.0,7.0,3.0,5.0,1.0,2.0,0.0,2.0,2.0,280.0,0.0,2.0, [ - ]  [+: 0.0]  [-: 3.41432578751e-14] 
2.0,68.67,15.0,1.0,1.0,11.0,6.0,0.0,1.0,1.0,14.0,1.0,1.0,0.0,3376.0,1.0, [ + ]  [+: 2.62898362611e-18]  [-: 0.0] 
1.0,28.0,3.0,1.0,1.0,1.0,1.0,0.75,2.0,2.0,0.0,2.0,1.0,300.0,67.0,2.0, [ - ]  [+: 0.0]  [-: 4.87525938765e-13] 
1.0,40.92,0.5,2.0,2.0,3.0,1.0,0.5,2.0,2.0,0.0,2.0,1.0,130.0,0.0,2.0, [ - ]  [+: 0.0]  [-: 4.21250292985e-13] 
2.0,18.83,9.5,1.0,1.0,1.0,1.0,1.625,1.0,1.0,6.0,2.0,1.0,40.0,600.0,1.0, [ + ]  [+: 6.09270884881e-16]  [-: 0.0] 
1.0,63.33,0.54,1.0,1.0,7.0,1.0,0.585,1.0,1.0,3.0,2.0,1.0,180.0,0.0,2.0, [ - ]  [+: 0.0]  [-: 1.71229056277e-16] 
1.0,21.08,10.085,2.0,2.0,11.0,2.0,1.25,2.0,2.0,0.0,1.0,1.0,260.0,0.0,2.0, [ - ]  [+: 0.0]  [-: 2.04621475401e-13] 
1.0,20.75,5.085,2.0,2.0,14.0,1.0,0.29,2.0,2.0,0.0,1.0,1.0,140.0,184.0,2.0, [ - ]  [+: 0.0]  [-: 1.09074862699e-12] 
1.0,36.42,0.75,2.0,2.0,8.0,1.0,0.585,2.0,2.0,0.0,1.0,1.0,240.0,3.0,2.0, [ - ]  [+: 0.0]  [-: 1.12825003459e-12] 
2.0,22.42,11.25,2.0,2.0,9.0,2.0,0.75,1.0,1.0,4.0,1.0,1.0,0.0,321.0,1.0, [ - ]  [WRONG] [+: 3.24711308582e-16]  [-: 0.0] 
1.0,42.75,3.0,1.0,1.0,10.0,3.0,1.0,1.0,2.0,0.0,1.0,1.0,0.0,200.0,2.0, [ - ]  [+: 0.0]  [-: 5.50953023537e-14] 
1.0,39.92,0.54,2.0,2.0,12.0,1.0,0.5,1.0,1.0,3.0,1.0,1.0,200.0,1000.0,1.0, [ - ]  [WRONG] [+: 1.73902170026e-16]  [-: 0.0] 
1.0,41.17,1.335,1.0,1.0,8.0,1.0,0.165,2.0,2.0,0.0,1.0,1.0,168.0,0.0,2.0, [ - ]  [+: 0.0]  [-: 3.79244744184e-13] 
1.0,31.5681710914,3.0,2.0,2.0,10.0,3.0,7.0,2.0,2.0,0.0,1.0,1.0,0.0,1.0,2.0, [ - ]  [+: 0.0]  [-: 3.91083284638e-14] 
2.0,38.33,4.415,1.0,1.0,7.0,1.0,0.125,2.0,2.0,0.0,1.0,1.0,160.0,0.0,2.0, [ - ]  [+: 0.0]  [-: 4.32733032164e-13] 
1.0,34.67,1.08,1.0,1.0,3.0,1.0,1.165,2.0,2.0,0.0,1.0,2.0,28.0,0.0,2.0, [ - ]  [+: 0.0]  [-: 3.57374780956e-13] 
1.0,26.75,2.0,1.0,1.0,8.0,1.0,0.75,2.0,2.0,0.0,2.0,1.0,80.0,0.0,2.0, [ - ]  [+: 0.0]  [-: 6.14426783789e-13] 
1.0,40.58,5.0,1.0,1.0,7.0,1.0,5.0,1.0,1.0,7.0,1.0,1.0,0.0,3065.0,1.0, [ + ]  [+: 7.303334169e-16]  [-: 0.0] 
2.0,27.25,0.29,1.0,1.0,3.0,2.0,0.125,2.0,1.0,1.0,2.0,1.0,272.0,108.0,2.0, [ - ]  [+: 0.0]  [-: 7.36647335282e-14] 
2.0,19.58,0.665,1.0,1.0,1.0,1.0,1.665,2.0,2.0,0.0,1.0,1.0,220.0,5.0,2.0, [ - ]  [+: 0.0]  [-: 2.70711330596e-13] 
1.0,17.08,0.085,2.0,2.0,7.0,1.0,0.04,2.0,2.0,0.0,1.0,1.0,140.0,722.0,2.0, [ - ]  [+: 0.0]  [-: 3.17485799545e-13] 
2.0,24.83,4.5,1.0,1.0,1.0,1.0,1.0,2.0,2.0,0.0,2.0,1.0,360.0,6.0,2.0, [ - ]  [+: 0.0]  [-: 3.46729339814e-13] 
2.0,28.75,3.75,1.0,1.0,7.0,1.0,1.085,1.0,1.0,1.0,2.0,1.0,371.0,0.0,1.0, [ - ]  [WRONG] [+: 5.08992119616e-16]  [-: 0.0] 
2.0,58.33,10.0,1.0,1.0,2.0,1.0,4.0,1.0,1.0,14.0,1.0,1.0,0.0,1602.0,1.0, [ + ]  [+: 7.01239848758e-17]  [-: 0.0] 
1.0,32.42,3.0,1.0,1.0,8.0,1.0,0.165,2.0,2.0,0.0,2.0,1.0,120.0,0.0,2.0, [ - ]  [+: 0.0]  [-: 6.77576094445e-13] 
1.0,35.17,4.5,1.0,1.0,9.0,2.0,5.75,2.0,2.0,0.0,2.0,2.0,711.0,0.0,1.0, [ - ]  [WRONG] [+: 1.81628313751e-19]  [-: 0.0] 
1.0,35.25,3.165,1.0,1.0,9.0,2.0,3.75,1.0,2.0,0.0,2.0,1.0,680.0,0.0,2.0, [ - ]  [+: 0.0]  [-: 4.48716245539e-16] 
1.0,23.92,1.5,1.0,1.0,8.0,2.0,1.875,1.0,1.0,6.0,1.0,1.0,200.0,327.0,1.0, [ - ]  [WRONG] [+: 7.91661139033e-16]  [-: 0.0] 
2.0,21.75,1.75,2.0,2.0,14.0,5.0,0.0,2.0,2.0,0.0,1.0,1.0,160.0,0.0,2.0, [ - ]  [+: 0.0]  [-: 9.84707758687e-13] 
2.0,23.0,1.835,1.0,1.0,14.0,5.0,0.0,2.0,1.0,1.0,1.0,1.0,200.0,53.0,2.0, [ - ]  [+: 0.0]  [-: 2.21670856211e-13] 
1.0,59.5,2.75,1.0,1.0,1.0,1.0,1.75,1.0,1.0,5.0,2.0,1.0,60.0,58.0,1.0, [ + ]  [+: 1.60384449543e-16]  [-: 0.0] 
1.0,32.75,2.335,1.0,1.0,8.0,2.0,5.75,2.0,2.0,0.0,2.0,1.0,292.0,0.0,2.0, [ - ]  [+: 0.0]  [-: 5.8762919016e-14] 
2.0,15.92,2.875,1.0,1.0,2.0,1.0,0.085,2.0,2.0,0.0,1.0,1.0,120.0,0.0,2.0, [ - ]  [+: 0.0]  [-: 1.34293364808e-13] 
1.0,21.25,1.5,1.0,1.0,1.0,1.0,1.5,2.0,2.0,0.0,1.0,1.0,150.0,8.0,1.0, [ - ]  [WRONG] [+: 1.61566814616e-17]  [-: 0.0] 
1.0,20.67,0.415,1.0,1.0,7.0,1.0,0.125,2.0,2.0,0.0,1.0,1.0,0.0,44.0,2.0, [ - ]  [+: 0.0]  [-: 1.82687462636e-13] 
2.0,37.33,2.5,1.0,1.0,10.0,2.0,0.21,2.0,2.0,0.0,1.0,1.0,260.0,246.0,2.0, [ - ]  [+: 0.0]  [-: 3.7016991524e-13] 
1.0,17.08,0.25,1.0,1.0,2.0,1.0,0.335,2.0,1.0,4.0,1.0,1.0,160.0,8.0,2.0, [ - ]  [+: 0.0]  [-: 1.33150142462e-14] 
1.0,34.17,2.75,1.0,1.0,10.0,3.0,2.5,2.0,2.0,0.0,2.0,1.0,232.0,200.0,2.0, [ - ]  [+: 0.0]  [-: 7.05204299894e-13] 
1.0,62.75,7.0,1.0,1.0,11.0,6.0,0.0,2.0,2.0,0.0,1.0,1.0,0.0,12.0,2.0, [ - ]  [+: 0.0]  [-: 1.37433357267e-15] 
2.0,57.08,0.335,1.0,1.0,10.0,3.0,1.0,1.0,2.0,0.0,2.0,1.0,252.0,2197.0,2.0, [ - ]  [+: 0.0]  [-: 7.88278443083e-17] 
1.0,40.25,21.5,1.0,1.0,11.0,6.0,20.0,1.0,1.0,11.0,1.0,1.0,0.0,1200.0,1.0, [ + ]  [+: 2.66660614646e-21]  [-: 0.0] 
1.0,30.58,2.71,2.0,2.0,3.0,1.0,0.125,2.0,2.0,0.0,2.0,2.0,80.0,0.0,2.0, [ - ]  [+: 0.0]  [-: 1.02803861511e-12] 
2.0,18.58,10.0,1.0,1.0,8.0,1.0,0.415,2.0,2.0,0.0,1.0,1.0,80.0,42.0,2.0, [ - ]  [+: 0.0]  [-: 1.34295766351e-13] 
2.0,26.58,2.54,2.0,2.0,13.0,4.0,0.0,2.0,2.0,0.0,2.0,1.0,180.0,60.0,2.0, [ - ]  [+: 0.0]  [-: 2.43166427169e-12] 
1.0,36.67,4.415,2.0,2.0,6.0,1.0,0.25,1.0,1.0,10.0,2.0,1.0,320.0,0.0,1.0, [ + ]  [+: 9.7577951648e-17]  [-: 0.0] 
1.0,21.08,4.125,2.0,2.0,10.0,2.0,0.04,2.0,2.0,0.0,1.0,1.0,140.0,100.0,2.0, [ - ]  [+: 0.0]  [-: 7.54240564351e-13] 
2.0,22.5,0.415,1.0,1.0,10.0,1.0,0.335,2.0,2.0,0.0,2.0,2.0,144.0,0.0,2.0, [ - ]  [+: 0.0]  [-: 5.75332367997e-13] 
1.0,22.08,11.46,1.0,1.0,6.0,1.0,1.585,2.0,2.0,0.0,2.0,1.0,100.0,1212.0,2.0, [ - ]  [+: 0.0]  [-: 4.29204096799e-14] 
1.0,23.0,0.75,1.0,1.0,3.0,1.0,0.5,1.0,2.0,0.0,2.0,2.0,320.0,0.0,2.0, [ - ]  [+: 0.0]  [-: 7.15391475112e-14] 
1.0,20.25,9.96,1.0,1.0,11.0,8.0,0.0,1.0,2.0,0.0,1.0,1.0,0.0,0.0,1.0, [ - ]  [WRONG] [+: 0.0]  [-: 0.0] 
1.0,64.08,20.0,1.0,1.0,9.0,2.0,17.5,1.0,1.0,9.0,2.0,1.0,0.0,1000.0,1.0, [ + ]  [+: 9.42433394497e-21]  [-: 0.0] 
