1.0,27.83,1.0,2.0,2.0,8.0,2.0,3.0,2.0,2.0,0.0,1.0,1.0,176.0,537.0,2.0, [ - ]  [+: 0.0]  [-: 6.78855313884e-13] 
1.0,55.92,11.5,1.0,1.0,13.0,4.0,5.0,1.0,1.0,5.0,1.0,1.0,0.0,8851.0,1.0, [ + ]  [+: 1.08577374136e-17]  [-: 0.0] 
1.0,31.5681710914,10.5,1.0,1.0,9.0,1.0,6.5,1.0,2.0,0.0,1.0,1.0,0.0,0.0,1.0, [ - ]  [WRONG] [+: 3.37169201003e-16]  [-: 0.0] 
2.0,57.08,19.5,1.0,1.0,7.0,1.0,5.5,1.0,1.0,7.0,1.0,1.0,0.0,3000.0,1.0, [ + ]  [+: 7.84649895448e-18]  [-: 0.0] 
1.0,43.25,25.21,1.0,1.0,2.0,2.0,0.21,1.0,1.0,1.0,1.0,1.0,760.0,90.0,2.0, [ + ]  [WRONG] [+: 0.0]  [-: 6.25631769914e-23] 
2.0,38.75,1.5,1.0,1.0,13.0,4.0,0.0,2.0,2.0,0.0,1.0,1.0,76.0,0.0,2.0, [ - ]  [+: 0.0]  [-: 7.21270595447e-13] 
1.0,34.0,4.5,1.0,1.0,12.0,1.0,1.0,1.0,2.0,0.0,2.0,1.0,240.0,0.0,2.0, [ - ]  [+: 0.0]  [-: 1.66212880216e-13] 
1.0,27.75,1.29,1.0,1.0,6.0,2.0,0.25,2.0,2.0,0.0,2.0,2.0,140.0,0.0,2.0, [ - ]  [+: 0.0]  [-: 5.97979104567e-13] 
1.0,44.25,0.5,1.0,1.0,3.0,1.0,10.75,1.0,2.0,0.0,1.0,2.0,400.0,0.0,2.0, [ + ]  [WRONG] [+: 0.0]  [-: 4.1244665109e-18] 
1.0,48.58,6.5,1.0,1.0,2.0,2.0,6.0,1.0,2.0,0.0,2.0,1.0,350.0,0.0,1.0, [ - ]  [WRONG] [+: 2.82699450852e-16]  [-: 0.0] 
2.0,16.0,0.165,1.0,1.0,12.0,1.0,1.0,2.0,1.0,2.0,2.0,1.0,320.0,1.0,2.0, [ - ]  [+: 0.0]  [-: 6.20111524092e-14] 
1.0,25.5,0.375,1.0,1.0,3.0,1.0,0.25,1.0,1.0,3.0,1.0,1.0,260.0,15108.0,1.0, [ + ]  [+: 2.15386633352e-16]  [-: 0.0] 
1.0,23.75,12.0,1.0,1.0,7.0,1.0,2.085,2.0,2.0,0.0,1.0,2.0,80.0,0.0,2.0, [ - ]  [+: 0.0]  [-: 8.87446696916e-14] 
1.0,20.67,5.29,1.0,1.0,2.0,1.0,0.375,1.0,1.0,1.0,1.0,1.0,160.0,0.0,2.0, [ - ]  [+: 0.0]  [-: 2.28856244063e-14] 
1.0,22.75,11.5,1.0,1.0,10.0,1.0,0.415,2.0,2.0,0.0,1.0,1.0,0.0,0.0,2.0, [ - ]  [+: 0.0]  [-: 6.69519955534e-14] 
1.0,23.92,0.585,2.0,2.0,5.0,2.0,0.125,2.0,2.0,0.0,1.0,1.0,240.0,1.0,2.0, [ - ]  [+: 0.0]  [-: 2.5906585055e-13] 
1.0,34.75,2.5,1.0,1.0,5.0,3.0,0.5,2.0,2.0,0.0,1.0,1.0,348.0,0.0,2.0, [ - ]  [+: 0.0]  [-: 2.01727471485e-13] 
1.0,23.08,0.0,1.0,1.0,6.0,1.0,1.0,2.0,1.0,11.0,1.0,2.0,0.0,0.0,2.0, [ + ]  [WRONG] [+: 0.0]  [-: 4.91678576397e-20] 
1.0,18.33,1.21,2.0,2.0,11.0,8.0,0.0,2.0,2.0,0.0,1.0,1.0,100.0,0.0,2.0, [ - ]  [+: 0.0]  [-: 3.82778159044e-13] 
2.0,21.08,5.0,2.0,2.0,13.0,4.0,0.0,2.0,2.0,0.0,1.0,1.0,0.0,0.0,2.0, [ - ]  [+: 0.0]  [-: 1.22509548568e-12] 
1.0,23.5,3.165,2.0,2.0,6.0,1.0,0.415,2.0,1.0,1.0,2.0,1.0,280.0,80.0,2.0, [ - ]  [+: 0.0]  [-: 5.09739961346e-13] 
2.0,22.67,0.75,1.0,1.0,7.0,1.0,2.0,2.0,1.0,2.0,2.0,1.0,200.0,394.0,2.0, [ - ]  [+: 0.0]  [-: 1.16457962106e-13] 
1.0,42.25,1.75,2.0,2.0,7.0,1.0,0.0,2.0,2.0,0.0,2.0,1.0,150.0,1.0,2.0, [ - ]  [+: 0.0]  [-: 5.61382390485e-13] 
1.0,54.42,0.5,2.0,2.0,6.0,2.0,3.96,1.0,2.0,0.0,1.0,1.0,180.0,314.0,1.0, [ - ]  [WRONG] [+: 2.90666530516e-17]  [-: 0.0] 
1.0,16.08,0.75,1.0,1.0,7.0,1.0,1.75,1.0,1.0,5.0,2.0,1.0,352.0,690.0,1.0, [ - ]  [WRONG] [+: 2.83323155308e-16]  [-: 0.0] 
1.0,35.17,4.5,1.0,1.0,9.0,2.0,5.75,2.0,2.0,0.0,2.0,2.0,711.0,0.0,1.0, [ - ]  [WRONG] [+: 1.43916868387e-19]  [-: 0.0] 
2.0,31.75,3.0,2.0,2.0,14.0,5.0,0.0,2.0,2.0,0.0,1.0,1.0,160.0,20.0,2.0, [ - ]  [+: 0.0]  [-: 1.17366224133e-12] 
1.0,39.83,0.5,1.0,1.0,3.0,1.0,0.25,1.0,2.0,0.0,1.0,2.0,288.0,0.0,2.0, [ - ]  [+: 0.0]  [-: 8.51119954081e-14] 
2.0,36.58,0.29,1.0,1.0,13.0,4.0,0.0,2.0,1.0,10.0,1.0,1.0,200.0,18.0,2.0, [ + ]  [WRONG] [+: 0.0]  [-: 1.44117671638e-18] 
1.0,25.67,3.25,1.0,1.0,7.0,2.0,2.29,2.0,1.0,1.0,2.0,1.0,416.0,21.0,2.0, [ - ]  [+: 0.0]  [-: 6.73069153128e-14] 
2.0,33.08,4.625,1.0,1.0,2.0,2.0,1.625,1.0,1.0,2.0,1.0,1.0,0.0,0.0,1.0, [ - ]  [WRONG] [+: 2.40552669202e-15]  [-: 0.0] 
1.0,19.17,4.0,2.0,2.0,10.0,1.0,1.0,2.0,2.0,0.0,2.0,1.0,360.0,1000.0,2.0, [ - ]  [+: 0.0]  [-: 3.95479397211e-13] 
2.0,33.67,0.375,1.0,1.0,5.0,1.0,0.375,2.0,2.0,0.0,1.0,1.0,300.0,44.0,1.0, [ - ]  [WRONG] [+: 2.64511057401e-17]  [-: 0.0] 
1.0,19.0,1.75,2.0,2.0,7.0,1.0,2.335,2.0,2.0,0.0,2.0,1.0,112.0,6.0,2.0, [ - ]  [+: 0.0]  [-: 6.93570376489e-13] 
2.0,32.0,6.0,1.0,1.0,8.0,1.0,1.25,2.0,2.0,0.0,1.0,1.0,272.0,0.0,2.0, [ - ]  [+: 0.0]  [-: 7.49464369093e-13] 
2.0,49.0,1.5,1.0,1.0,14.0,5.0,0.0,1.0,2.0,0.0,2.0,1.0,100.0,27.0,2.0, [ - ]  [+: 0.0]  [-: 2.02316116055e-14] 
2.0,35.75,0.915,1.0,1.0,12.0,1.0,0.75,1.0,1.0,4.0,1.0,1.0,0.0,1583.0,1.0, [ + ]  [+: 5.36023977061e-16]  [-: 0.0] 
1.0,19.0,0.0,2.0,2.0,13.0,4.0,0.0,2.0,1.0,4.0,1.0,1.0,45.0,1.0,2.0, [ - ]  [+: 0.0]  [-: 6.74021208958e-14] 
1.0,28.0,2.0,1.0,1.0,6.0,2.0,4.165,1.0,1.0,2.0,2.0,1.0,181.0,0.0,1.0, [ - ]  [WRONG] [+: 1.50240007851e-15]  [-: 0.0] 
1.0,33.0,2.5,2.0,2.0,1.0,1.0,7.0,2.0,2.0,0.0,2.0,1.0,280.0,0.0,2.0, [ - ]  [+: 0.0]  [-: 3.45847250742e-14] 
2.0,30.5,6.5,1.0,1.0,7.0,3.0,4.0,1.0,1.0,7.0,2.0,1.0,0.0,3065.0,1.0, [ + ]  [+: 1.37932130693e-15]  [-: 0.0] 
1.0,34.42,1.335,1.0,1.0,10.0,3.0,0.125,2.0,2.0,0.0,2.0,1.0,440.0,4500.0,2.0, [ + ]  [WRONG] [+: 0.0]  [-: 1.73055420719e-23] 
1.0,18.58,10.29,1.0,1.0,13.0,4.0,0.415,2.0,2.0,0.0,1.0,1.0,80.0,0.0,2.0, [ - ]  [+: 0.0]  [-: 2.159915756e-13] 
1.0,39.42,1.71,2.0,2.0,3.0,1.0,0.165,2.0,2.0,0.0,1.0,2.0,400.0,0.0,2.0, [ - ]  [+: 0.0]  [-: 6.15608375125e-13] 
2.0,46.0,4.0,1.0,1.0,14.0,5.0,0.0,1.0,2.0,0.0,1.0,1.0,100.0,960.0,1.0, [ - ]  [WRONG] [+: 2.42599884808e-16]  [-: 0.0] 
2.0,22.75,6.165,1.0,1.0,12.0,1.0,0.165,2.0,2.0,0.0,1.0,1.0,220.0,1000.0,2.0, [ - ]  [+: 0.0]  [-: 2.43899118178e-13] 
1.0,42.08,1.04,1.0,1.0,1.0,1.0,5.0,1.0,1.0,6.0,2.0,1.0,500.0,10000.0,1.0, [ + ]  [+: 1.04298660843e-16]  [-: 0.0] 
2.0,28.75,3.75,1.0,1.0,7.0,1.0,1.085,1.0,1.0,1.0,2.0,1.0,371.0,0.0,1.0, [ - ]  [WRONG] [+: 6.59360060345e-16]  [-: 0.0] 
1.0,20.75,5.085,2.0,2.0,14.0,1.0,0.29,2.0,2.0,0.0,1.0,1.0,140.0,184.0,2.0, [ - ]  [+: 0.0]  [-: 1.0540776008e-12] 
1.0,24.08,9.0,1.0,1.0,12.0,1.0,0.25,2.0,2.0,0.0,2.0,1.0,0.0,0.0,2.0, [ - ]  [+: 0.0]  [-: 1.62690328384e-13] 
1.0,36.25,5.0,1.0,1.0,7.0,3.0,2.5,1.0,1.0,6.0,1.0,1.0,0.0,367.0,1.0, [ + ]  [+: 1.30096865683e-15]  [-: 0.0] 
1.0,29.83,2.04,2.0,2.0,9.0,2.0,0.04,2.0,2.0,0.0,1.0,1.0,128.0,1.0,2.0, [ - ]  [+: 0.0]  [-: 1.94020698944e-13] 
1.0,38.25,10.125,2.0,2.0,6.0,1.0,0.125,2.0,2.0,0.0,1.0,1.0,160.0,0.0,2.0, [ - ]  [+: 0.0]  [-: 3.5843748584e-13] 
1.0,26.75,4.5,2.0,2.0,7.0,3.0,2.5,2.0,2.0,0.0,1.0,1.0,200.0,1210.0,2.0, [ - ]  [+: 0.0]  [-: 3.48812627294e-13] 
2.0,35.17,3.75,1.0,1.0,13.0,4.0,0.0,2.0,1.0,6.0,1.0,1.0,0.0,200.0,2.0, [ - ]  [+: 0.0]  [-: 4.7373021777e-15] 
2.0,68.67,15.0,1.0,1.0,11.0,6.0,0.0,1.0,1.0,14.0,1.0,1.0,0.0,3376.0,1.0, [ + ]  [+: 2.90780957771e-18]  [-: 0.0] 
1.0,22.0,0.79,1.0,1.0,1.0,1.0,0.29,2.0,1.0,1.0,1.0,1.0,420.0,283.0,2.0, [ - ]  [+: 0.0]  [-: 5.68070382349e-14] 
1.0,25.17,3.0,1.0,1.0,7.0,1.0,1.25,2.0,1.0,1.0,1.0,1.0,0.0,22.0,2.0, [ - ]  [+: 0.0]  [-: 1.38973200485e-13] 
1.0,30.58,2.71,2.0,2.0,3.0,1.0,0.125,2.0,2.0,0.0,2.0,2.0,80.0,0.0,2.0, [ - ]  [+: 0.0]  [-: 1.38910893965e-12] 
1.0,56.42,28.0,2.0,2.0,7.0,1.0,28.5,1.0,1.0,40.0,1.0,1.0,0.0,15.0,1.0, [ + ]  [+: 4.5383518171e-36]  [-: 0.0] 
2.0,17.58,9.0,1.0,1.0,12.0,1.0,1.375,1.0,2.0,0.0,2.0,1.0,0.0,0.0,1.0, [ - ]  [WRONG] [+: 8.9472911127e-17]  [-: 0.0] 
2.0,27.67,2.04,1.0,1.0,1.0,1.0,0.25,2.0,2.0,0.0,2.0,1.0,180.0,50.0,2.0, [ - ]  [+: 0.0]  [-: 4.44866364182e-13] 
2.0,18.92,9.25,2.0,2.0,7.0,1.0,1.0,1.0,1.0,4.0,2.0,1.0,80.0,500.0,1.0, [ - ]  [WRONG] [+: 2.46085112209e-16]  [-: 0.0] 
2.0,26.92,13.5,1.0,1.0,2.0,2.0,5.0,1.0,1.0,2.0,1.0,1.0,0.0,5000.0,1.0, [ + ]  [+: 7.65312165515e-16]  [-: 0.0] 
1.0,42.83,4.625,1.0,1.0,2.0,1.0,4.58,1.0,2.0,0.0,1.0,2.0,0.0,0.0,1.0, [ - ]  [WRONG] [+: 1.80127671871e-16]  [-: 0.0] 
2.0,24.5,0.5,1.0,1.0,2.0,2.0,1.5,1.0,2.0,0.0,1.0,1.0,280.0,824.0,1.0, [ - ]  [WRONG] [+: 4.39712159178e-16]  [-: 0.0] 
2.0,36.75,4.71,1.0,1.0,13.0,4.0,0.0,2.0,2.0,0.0,1.0,1.0,160.0,0.0,2.0, [ - ]  [+: 0.0]  [-: 1.12397142962e-12] 
1.0,31.58,0.75,2.0,2.0,12.0,1.0,3.5,2.0,2.0,0.0,2.0,1.0,320.0,0.0,2.0, [ - ]  [+: 0.0]  [-: 6.76897052134e-13] 
1.0,25.17,3.5,1.0,1.0,5.0,1.0,0.625,1.0,1.0,7.0,1.0,1.0,0.0,7059.0,1.0, [ + ]  [+: 1.00428567525e-15]  [-: 0.0] 
1.0,19.17,0.0,2.0,2.0,3.0,3.0,0.0,2.0,2.0,0.0,2.0,2.0,500.0,1.0,1.0, [ - ]  [WRONG] [+: 1.98816480738e-19]  [-: 0.0] 
1.0,40.58,1.5,1.0,1.0,10.0,3.0,0.0,2.0,2.0,0.0,1.0,2.0,300.0,0.0,2.0, [ - ]  [+: 0.0]  [-: 5.47179848549e-13] 
1.0,34.0,5.085,2.0,2.0,10.0,3.0,1.085,2.0,2.0,0.0,2.0,1.0,480.0,0.0,2.0, [ - ]  [+: 0.0]  [-: 5.22259677266e-13] 
1.0,36.42,0.75,2.0,2.0,8.0,1.0,0.585,2.0,2.0,0.0,1.0,1.0,240.0,3.0,2.0, [ - ]  [+: 0.0]  [-: 1.21610721271e-12] 
2.0,25.08,2.54,2.0,2.0,12.0,1.0,0.25,1.0,2.0,0.0,2.0,1.0,370.0,0.0,1.0, [ - ]  [WRONG] [+: 3.14701046637e-17]  [-: 0.0] 
1.0,31.42,15.5,1.0,1.0,7.0,1.0,0.5,1.0,2.0,0.0,1.0,1.0,120.0,0.0,2.0, [ - ]  [+: 0.0]  [-: 1.90133359226e-15] 
1.0,40.92,0.5,2.0,2.0,3.0,1.0,0.5,2.0,2.0,0.0,2.0,1.0,130.0,0.0,2.0, [ - ]  [+: 0.0]  [-: 5.28425074688e-13] 
1.0,21.42,0.75,2.0,2.0,4.0,9.0,0.75,2.0,2.0,0.0,2.0,1.0,132.0,2.0,2.0, [ + ]  [WRONG] [+: 0.0]  [-: 0.0] 
2.0,24.5,1.75,2.0,2.0,7.0,1.0,0.165,2.0,2.0,0.0,1.0,1.0,132.0,0.0,2.0, [ - ]  [+: 0.0]  [-: 1.02488739734e-12] 
1.0,51.33,10.0,1.0,1.0,10.0,3.0,0.0,1.0,1.0,11.0,1.0,1.0,0.0,1249.0,1.0, [ + ]  [+: 8.94000845139e-17]  [-: 0.0] 
1.0,22.5,11.5,2.0,2.0,3.0,1.0,1.5,2.0,2.0,0.0,2.0,1.0,0.0,4000.0,2.0, [ + ]  [WRONG] [+: 0.0]  [-: 1.09335534464e-21] 
2.0,65.17,14.0,1.0,1.0,13.0,4.0,0.0,1.0,1.0,11.0,2.0,1.0,0.0,1400.0,1.0, [ + ]  [+: 8.01115428458e-19]  [-: 0.0] 
1.0,29.17,3.5,1.0,1.0,1.0,1.0,3.5,1.0,1.0,3.0,2.0,1.0,329.0,0.0,2.0, [ - ]  [+: 0.0]  [-: 9.29542191393e-15] 
1.0,26.83,0.54,1.0,1.0,6.0,4.0,0.0,2.0,2.0,0.0,1.0,1.0,100.0,0.0,2.0, [ - ]  [+: 0.0]  [-: 7.70020026301e-13] 
1.0,32.25,14.0,2.0,2.0,13.0,4.0,0.0,2.0,1.0,2.0,1.0,1.0,160.0,1.0,2.0, [ - ]  [+: 0.0]  [-: 3.07202368828e-14] 
1.0,19.42,6.5,1.0,1.0,1.0,2.0,1.46,1.0,1.0,7.0,1.0,1.0,80.0,2954.0,1.0, [ + ]  [+: 1.74597823508e-15]  [-: 0.0] 
1.0,22.08,11.0,1.0,1.0,5.0,1.0,0.665,1.0,2.0,0.0,1.0,1.0,100.0,0.0,1.0, [ - ]  [WRONG] [+: 2.93692109132e-16]  [-: 0.0] 
1.0,26.67,1.75,2.0,2.0,7.0,1.0,1.0,1.0,1.0,5.0,2.0,1.0,160.0,5777.0,1.0, [ + ]  [+: 4.05687278563e-16]  [-: 0.0] 
1.0,23.17,0.0,1.0,1.0,7.0,1.0,0.0,2.0,2.0,0.0,1.0,3.0,184.014771049,0.0,1.0, [ - ]  [WRONG] [+: 1.66425320563e-17]  [-: 0.0] 
1.0,27.83,1.5,1.0,1.0,1.0,1.0,2.25,2.0,1.0,1.0,2.0,1.0,100.0,3.0,2.0, [ - ]  [+: 0.0]  [-: 1.32635016355e-13] 
2.0,28.08,15.0,2.0,2.0,11.0,6.0,0.0,1.0,2.0,0.0,1.0,1.0,0.0,13212.0,1.0, [ + ]  [+: 1.34242511823e-17]  [-: 0.0] 
1.0,41.0,0.04,1.0,1.0,11.0,1.0,0.04,2.0,1.0,1.0,1.0,2.0,560.0,0.0,1.0, [ - ]  [WRONG] [+: 1.47516079453e-18]  [-: 0.0] 
2.0,19.58,0.665,1.0,1.0,1.0,1.0,1.665,2.0,2.0,0.0,1.0,1.0,220.0,5.0,2.0, [ - ]  [+: 0.0]  [-: 2.86965437303e-13] 
2.0,26.08,8.665,1.0,1.0,12.0,1.0,1.415,1.0,2.0,0.0,1.0,1.0,160.0,150.0,1.0, [ - ]  [WRONG] [+: 2.86273454652e-16]  [-: 0.0] 
1.0,47.17,5.835,1.0,1.0,1.0,1.0,5.5,2.0,2.0,0.0,1.0,1.0,465.0,150.0,2.0, [ - ]  [+: 0.0]  [-: 8.75531883431e-15] 
1.0,24.58,12.5,1.0,1.0,1.0,1.0,0.875,1.0,2.0,0.0,2.0,1.0,260.0,0.0,2.0, [ - ]  [+: 0.0]  [-: 9.27756532152e-15] 
1.0,23.0,0.625,2.0,2.0,12.0,1.0,0.125,1.0,2.0,0.0,1.0,1.0,180.0,1.0,2.0, [ - ]  [+: 0.0]  [-: 2.28737990629e-13] 
2.0,28.42,3.5,1.0,1.0,1.0,1.0,0.835,1.0,2.0,0.0,1.0,2.0,280.0,0.0,1.0, [ - ]  [WRONG] [+: 2.03522999013e-16]  [-: 0.0] 
1.0,31.33,19.5,1.0,1.0,7.0,1.0,7.0,1.0,1.0,16.0,1.0,1.0,0.0,5000.0,1.0, [ + ]  [+: 5.96586596417e-18]  [-: 0.0] 
1.0,31.08,3.085,1.0,1.0,7.0,1.0,2.5,2.0,1.0,2.0,2.0,1.0,160.0,41.0,2.0, [ - ]  [+: 0.0]  [-: 1.66698462151e-13] 
1.0,25.0,12.0,1.0,1.0,6.0,1.0,2.25,1.0,1.0,2.0,2.0,1.0,120.0,5.0,2.0, [ - ]  [+: 0.0]  [-: 5.2119203545e-15] 
2.0,23.0,1.835,1.0,1.0,14.0,5.0,0.0,2.0,1.0,1.0,1.0,1.0,200.0,53.0,2.0, [ - ]  [+: 0.0]  [-: 1.62287827502e-13] 
1.0,51.83,3.0,2.0,2.0,13.0,4.0,1.5,2.0,2.0,0.0,1.0,1.0,180.0,4.0,2.0, [ - ]  [+: 0.0]  [-: 4.92178348055e-13] 
1.0,49.5,7.585,1.0,1.0,10.0,3.0,7.585,1.0,1.0,15.0,2.0,1.0,0.0,5000.0,1.0, [ + ]  [+: 5.05106863785e-17]  [-: 0.0] 
1.0,33.58,0.335,2.0,2.0,5.0,1.0,0.085,2.0,2.0,0.0,1.0,1.0,180.0,0.0,2.0, [ - ]  [+: 0.0]  [-: 4.24930006098e-13] 
1.0,34.17,5.25,1.0,1.0,1.0,1.0,0.085,2.0,2.0,0.0,2.0,1.0,290.0,6.0,1.0, [ - ]  [WRONG] [+: 3.52951337092e-17]  [-: 0.0] 
1.0,37.5,0.835,1.0,1.0,11.0,1.0,0.04,2.0,2.0,0.0,1.0,1.0,120.0,5.0,2.0, [ - ]  [+: 0.0]  [-: 2.68577563948e-13] 
2.0,38.33,4.415,1.0,1.0,7.0,1.0,0.125,2.0,2.0,0.0,1.0,1.0,160.0,0.0,2.0, [ - ]  [+: 0.0]  [-: 4.53285458344e-13] 
1.0,41.17,1.25,2.0,2.0,1.0,1.0,0.25,2.0,2.0,0.0,1.0,1.0,0.0,195.0,2.0, [ - ]  [+: 0.0]  [-: 3.05009045967e-13] 
1.0,31.5681710914,0.375,1.0,1.0,8.0,1.0,0.875,1.0,2.0,0.0,2.0,2.0,928.0,0.0,2.0, [ - ]  [+: 0.0]  [-: 8.18476964646e-17] 
1.0,32.25,1.5,1.0,1.0,7.0,1.0,0.25,2.0,2.0,0.0,2.0,1.0,372.0,122.0,2.0, [ - ]  [+: 0.0]  [-: 3.5481162997e-13] 
1.0,19.42,7.25,1.0,1.0,3.0,1.0,0.04,2.0,1.0,1.0,1.0,1.0,100.0,1.0,2.0, [ - ]  [+: 0.0]  [-: 8.27391977172e-14] 
1.0,32.42,2.165,2.0,2.0,6.0,4.0,0.0,2.0,2.0,0.0,1.0,1.0,120.0,0.0,2.0, [ - ]  [+: 0.0]  [-: 2.12095516274e-12] 
1.0,24.58,13.5,2.0,2.0,13.0,4.0,0.0,2.0,2.0,0.0,1.0,1.0,184.014771049,0.0,2.0, [ - ]  [+: 0.0]  [-: 1.44918550241e-13] 
2.0,57.08,0.335,1.0,1.0,10.0,3.0,1.0,1.0,2.0,0.0,2.0,1.0,252.0,2197.0,2.0, [ - ]  [+: 0.0]  [-: 4.05250706219e-17] 
1.0,19.33,9.5,1.0,1.0,2.0,1.0,1.0,1.0,2.0,0.0,2.0,1.0,60.0,400.0,1.0, [ - ]  [WRONG] [+: 2.56865543118e-16]  [-: 0.0] 
1.0,39.17,1.625,1.0,1.0,7.0,1.0,1.5,1.0,1.0,10.0,1.0,1.0,186.0,4700.0,1.0, [ + ]  [+: 9.24488599727e-16]  [-: 0.0] 
1.0,31.25,2.835,1.0,1.0,13.0,4.0,0.0,2.0,1.0,5.0,1.0,1.0,176.0,146.0,2.0, [ - ]  [+: 0.0]  [-: 3.63410913443e-14] 
2.0,40.33,8.125,2.0,2.0,6.0,1.0,0.165,2.0,1.0,2.0,1.0,1.0,184.014771049,18.0,2.0, [ - ]  [+: 0.0]  [-: 1.67068298591e-13] 
1.0,27.0,1.5,2.0,2.0,1.0,1.0,0.375,1.0,2.0,0.0,2.0,1.0,260.0,1065.0,1.0, [ - ]  [WRONG] [+: 1.07675419003e-16]  [-: 0.0] 
1.0,25.0,11.25,1.0,1.0,7.0,1.0,2.5,1.0,1.0,17.0,1.0,1.0,200.0,1208.0,1.0, [ + ]  [+: 1.39584484015e-16]  [-: 0.0] 
2.0,51.92,6.5,1.0,1.0,10.0,3.0,3.085,2.0,2.0,0.0,2.0,1.0,73.0,0.0,2.0, [ - ]  [+: 0.0]  [-: 5.57199326538e-14] 
2.0,19.5,0.165,1.0,1.0,2.0,1.0,0.04,2.0,2.0,0.0,2.0,1.0,380.0,0.0,2.0, [ - ]  [+: 0.0]  [-: 1.08569191034e-13] 
2.0,48.17,1.335,1.0,1.0,10.0,7.0,0.335,2.0,2.0,0.0,1.0,1.0,0.0,120.0,2.0, [ + ]  [WRONG] [+: 0.0]  [-: 0.0] 
2.0,58.33,10.0,1.0,1.0,2.0,1.0,4.0,1.0,1.0,14.0,1.0,1.0,0.0,1602.0,1.0, [ + ]  [+: 6.76394944944e-17]  [-: 0.0] 
1.0,45.0,8.5,1.0,1.0,5.0,2.0,14.0,1.0,1.0,1.0,2.0,1.0,88.0,2000.0,1.0, [ + ]  [+: 9.66796664873e-17]  [-: 0.0] 
1.0,24.42,2.0,1.0,1.0,11.0,8.0,0.165,2.0,1.0,2.0,1.0,1.0,320.0,1300.0,2.0, [ - ]  [+: 0.0]  [-: 1.73583958772e-14] 
1.0,36.17,18.125,1.0,1.0,1.0,1.0,0.085,2.0,2.0,0.0,1.0,1.0,320.0,3552.0,2.0, [ + ]  [WRONG] [+: 0.0]  [-: 3.52390732889e-22] 
1.0,27.83,4.0,2.0,2.0,10.0,2.0,5.75,1.0,1.0,2.0,2.0,1.0,75.0,0.0,2.0, [ - ]  [+: 0.0]  [-: 7.91914477602e-15] 
1.0,37.17,4.0,1.0,1.0,7.0,3.0,5.0,1.0,2.0,0.0,2.0,2.0,280.0,0.0,2.0, [ - ]  [+: 0.0]  [-: 3.95705641373e-14] 
1.0,39.92,5.0,1.0,1.0,10.0,3.0,0.21,2.0,2.0,0.0,1.0,1.0,550.0,0.0,2.0, [ - ]  [+: 0.0]  [-: 8.61767760304e-14] 
2.0,23.42,0.79,2.0,2.0,2.0,1.0,1.5,1.0,1.0,2.0,2.0,1.0,80.0,400.0,1.0, [ - ]  [WRONG] [+: 3.98154511409e-16]  [-: 0.0] 
1.0,28.25,5.125,1.0,1.0,9.0,1.0,4.75,1.0,1.0,2.0,1.0,1.0,420.0,7.0,1.0, [ - ]  [WRONG] [+: 9.50239331361e-16]  [-: 0.0] 
1.0,19.17,9.5,1.0,1.0,1.0,1.0,1.5,1.0,2.0,0.0,1.0,1.0,120.0,2206.0,1.0, [ + ]  [+: 2.79931460953e-16]  [-: 0.0] 
1.0,48.75,26.335,2.0,2.0,13.0,4.0,0.0,1.0,2.0,0.0,2.0,1.0,0.0,0.0,2.0, [ - ]  [+: 0.0]  [-: 1.15487747668e-20] 
1.0,20.17,8.17,1.0,1.0,12.0,1.0,1.96,1.0,1.0,14.0,1.0,1.0,60.0,158.0,1.0, [ + ]  [+: 2.04054595828e-16]  [-: 0.0] 
2.0,30.42,1.375,1.0,1.0,1.0,2.0,0.04,2.0,1.0,3.0,1.0,1.0,0.0,33.0,2.0, [ - ]  [+: 0.0]  [-: 2.35048791748e-14] 
1.0,36.67,4.415,2.0,2.0,6.0,1.0,0.25,1.0,1.0,10.0,2.0,1.0,320.0,0.0,1.0, [ + ]  [+: 1.40541858854e-16]  [-: 0.0] 
1.0,33.17,3.165,2.0,2.0,9.0,1.0,3.165,1.0,1.0,3.0,2.0,1.0,380.0,0.0,1.0, [ - ]  [WRONG] [+: 5.17386208045e-16]  [-: 0.0] 
