1.0,38.67,0.21,1.0,1.0,6.0,1.0,0.085,1.0,2.0,0.0,2.0,1.0,280.0,0.0,1.0, [ - ]  [WRONG] [+: 9.75743094919e-17]  [-: 0.0] 
2.0,20.08,1.25,1.0,1.0,7.0,1.0,0.0,2.0,2.0,0.0,1.0,1.0,0.0,0.0,2.0, [ - ]  [+: 0.0]  [-: 2.05994127482e-13] 
1.0,56.58,18.5,1.0,1.0,8.0,3.0,15.0,1.0,1.0,17.0,2.0,1.0,0.0,0.0,1.0, [ + ]  [+: 4.31573222279e-20]  [-: 0.0] 
1.0,23.17,0.0,1.0,1.0,5.0,1.0,0.085,1.0,2.0,0.0,1.0,1.0,0.0,0.0,1.0, [ - ]  [WRONG] [+: 1.1775787748e-16]  [-: 0.0] 
1.0,38.25,10.125,2.0,2.0,6.0,1.0,0.125,2.0,2.0,0.0,1.0,1.0,160.0,0.0,2.0, [ - ]  [+: 0.0]  [-: 4.6170506528e-13] 
2.0,41.17,6.5,1.0,1.0,2.0,1.0,0.5,1.0,1.0,3.0,2.0,1.0,145.0,0.0,1.0, [ - ]  [WRONG] [+: 1.69820083632e-15]  [-: 0.0] 
1.0,32.42,2.165,2.0,2.0,6.0,4.0,0.0,2.0,2.0,0.0,1.0,1.0,120.0,0.0,2.0, [ - ]  [+: 0.0]  [-: 2.1383054147e-12] 
2.0,48.17,1.335,1.0,1.0,10.0,7.0,0.335,2.0,2.0,0.0,1.0,1.0,0.0,120.0,2.0, [ + ]  [WRONG] [+: 0.0]  [-: 0.0] 
1.0,47.33,6.5,1.0,1.0,7.0,1.0,1.0,2.0,2.0,0.0,2.0,1.0,0.0,228.0,2.0, [ - ]  [+: 0.0]  [-: 9.70867783949e-14] 
1.0,31.33,19.5,1.0,1.0,7.0,1.0,7.0,1.0,1.0,16.0,1.0,1.0,0.0,5000.0,1.0, [ + ]  [+: 7.69256466543e-18]  [-: 0.0] 
1.0,50.75,0.585,1.0,1.0,13.0,4.0,0.0,2.0,2.0,0.0,1.0,1.0,145.0,0.0,2.0, [ - ]  [+: 0.0]  [-: 1.72779575199e-13] 
1.0,39.83,0.5,1.0,1.0,3.0,1.0,0.25,1.0,2.0,0.0,1.0,2.0,288.0,0.0,2.0, [ - ]  [+: 0.0]  [-: 9.07174933193e-14] 
1.0,25.08,1.71,1.0,1.0,9.0,1.0,1.665,1.0,1.0,1.0,2.0,1.0,395.0,20.0,1.0, [ - ]  [WRONG] [+: 5.36287314119e-16]  [-: 0.0] 
2.0,25.0,11.0,2.0,2.0,12.0,1.0,4.5,1.0,2.0,0.0,1.0,1.0,120.0,0.0,2.0, [ - ]  [+: 0.0]  [-: 2.36077565761e-14] 
1.0,62.75,7.0,1.0,1.0,11.0,6.0,0.0,2.0,2.0,0.0,1.0,1.0,0.0,12.0,2.0, [ - ]  [+: 0.0]  [-: 4.69280219398e-16] 
1.0,44.25,0.5,1.0,1.0,3.0,1.0,10.75,1.0,2.0,0.0,1.0,2.0,400.0,0.0,2.0, [ + ]  [WRONG] [+: 0.0]  [-: 6.86456598275e-19] 
2.0,19.58,0.665,1.0,1.0,1.0,1.0,1.665,2.0,2.0,0.0,1.0,1.0,220.0,5.0,2.0, [ - ]  [+: 0.0]  [-: 3.34961366546e-13] 
1.0,26.67,1.75,2.0,2.0,7.0,1.0,1.0,1.0,1.0,5.0,2.0,1.0,160.0,5777.0,1.0, [ + ]  [+: 2.87561048653e-16]  [-: 0.0] 
1.0,36.67,2.0,1.0,1.0,10.0,1.0,0.25,2.0,2.0,0.0,2.0,1.0,221.0,0.0,2.0, [ - ]  [+: 0.0]  [-: 6.94540333096e-13] 
2.0,33.08,1.625,1.0,1.0,8.0,1.0,0.54,2.0,2.0,0.0,2.0,1.0,0.0,0.0,2.0, [ - ]  [+: 0.0]  [-: 4.37584882637e-13] 
1.0,20.5,2.415,1.0,1.0,7.0,1.0,2.0,1.0,1.0,11.0,2.0,1.0,200.0,3000.0,1.0, [ + ]  [+: 4.66550571101e-16]  [-: 0.0] 
2.0,38.75,1.5,1.0,1.0,13.0,4.0,0.0,2.0,2.0,0.0,1.0,1.0,76.0,0.0,2.0, [ - ]  [+: 0.0]  [-: 7.33103537593e-13] 
1.0,48.08,6.04,1.0,1.0,6.0,1.0,0.04,2.0,2.0,0.0,1.0,1.0,0.0,2690.0,1.0, [ - ]  [WRONG] [+: 6.02311707142e-18]  [-: 0.0] 
1.0,51.58,15.0,1.0,1.0,7.0,1.0,8.5,1.0,1.0,9.0,1.0,1.0,0.0,0.0,1.0, [ + ]  [+: 4.6381240218e-17]  [-: 0.0] 
1.0,25.0,12.0,1.0,1.0,6.0,1.0,2.25,1.0,1.0,2.0,2.0,1.0,120.0,5.0,2.0, [ - ]  [+: 0.0]  [-: 9.95294376514e-15] 
2.0,33.67,0.375,1.0,1.0,5.0,1.0,0.375,2.0,2.0,0.0,1.0,1.0,300.0,44.0,1.0, [ - ]  [WRONG] [+: 1.81304482751e-17]  [-: 0.0] 
2.0,29.5,1.085,2.0,2.0,9.0,1.0,1.0,2.0,2.0,0.0,1.0,1.0,280.0,13.0,2.0, [ - ]  [+: 0.0]  [-: 2.7664403792e-13] 
2.0,58.33,10.0,1.0,1.0,2.0,1.0,4.0,1.0,1.0,14.0,1.0,1.0,0.0,1602.0,1.0, [ + ]  [+: 7.23318814023e-17]  [-: 0.0] 
2.0,49.83,13.585,1.0,1.0,6.0,2.0,8.5,1.0,2.0,0.0,2.0,1.0,0.0,0.0,1.0, [ + ]  [+: 3.03551490047e-17]  [-: 0.0] 
1.0,36.08,2.54,1.0,1.0,13.0,4.0,0.0,2.0,2.0,0.0,1.0,1.0,0.0,1000.0,2.0, [ - ]  [+: 0.0]  [-: 3.15083931759e-13] 
1.0,17.67,4.46,1.0,1.0,7.0,1.0,0.25,2.0,2.0,0.0,1.0,2.0,80.0,0.0,2.0, [ - ]  [+: 0.0]  [-: 4.1689724038e-13] 
2.0,40.33,8.125,2.0,2.0,6.0,1.0,0.165,2.0,1.0,2.0,1.0,1.0,184.014771049,18.0,2.0, [ - ]  [+: 0.0]  [-: 2.26522547528e-13] 
1.0,23.08,2.5,1.0,1.0,13.0,4.0,0.085,2.0,2.0,0.0,2.0,1.0,100.0,4208.0,2.0, [ + ]  [WRONG] [+: 0.0]  [-: 1.08019614434e-21] 
1.0,27.83,1.5,1.0,1.0,1.0,1.0,2.0,1.0,1.0,11.0,2.0,1.0,434.0,35.0,1.0, [ + ]  [+: 1.72527209166e-16]  [-: 0.0] 
1.0,43.17,5.0,1.0,1.0,10.0,3.0,2.25,2.0,2.0,0.0,2.0,1.0,141.0,0.0,2.0, [ - ]  [+: 0.0]  [-: 4.2615768047e-13] 
1.0,18.08,6.75,2.0,2.0,3.0,1.0,0.04,2.0,2.0,0.0,1.0,1.0,140.0,0.0,2.0, [ - ]  [+: 0.0]  [-: 5.89001608325e-13] 
2.0,36.0,1.0,1.0,1.0,7.0,1.0,2.0,1.0,1.0,11.0,1.0,1.0,0.0,456.0,1.0, [ + ]  [+: 3.94997896797e-16]  [-: 0.0] 
2.0,18.83,9.5,1.0,1.0,1.0,1.0,1.625,1.0,1.0,6.0,2.0,1.0,40.0,600.0,1.0, [ + ]  [+: 5.94793537663e-16]  [-: 0.0] 
1.0,32.67,9.0,2.0,2.0,1.0,2.0,5.25,1.0,2.0,0.0,2.0,1.0,154.0,0.0,1.0, [ - ]  [WRONG] [+: 2.37331327537e-16]  [-: 0.0] 
2.0,21.75,11.75,1.0,1.0,7.0,1.0,0.25,2.0,2.0,0.0,2.0,1.0,180.0,0.0,2.0, [ - ]  [+: 0.0]  [-: 1.04546916499e-13] 
1.0,30.83,0.0,1.0,1.0,1.0,1.0,1.25,1.0,1.0,1.0,1.0,1.0,202.0,0.0,1.0, [ - ]  [WRONG] [+: 7.66881061604e-16]  [-: 0.0] 
1.0,36.42,0.75,2.0,2.0,8.0,1.0,0.585,2.0,2.0,0.0,1.0,1.0,240.0,3.0,2.0, [ - ]  [+: 0.0]  [-: 1.31977496818e-12] 
1.0,33.58,2.75,1.0,1.0,3.0,1.0,4.25,1.0,1.0,6.0,1.0,1.0,204.0,0.0,1.0, [ + ]  [+: 1.35826280371e-15]  [-: 0.0] 
1.0,31.5681710914,0.625,1.0,1.0,6.0,1.0,0.25,2.0,2.0,0.0,1.0,1.0,380.0,2010.0,2.0, [ - ]  [+: 0.0]  [-: 6.68134159007e-15] 
2.0,23.0,11.75,1.0,1.0,9.0,2.0,0.5,1.0,1.0,2.0,2.0,1.0,300.0,551.0,1.0, [ + ]  [+: 1.08302903687e-15]  [-: 0.0] 
1.0,29.58,4.75,1.0,1.0,3.0,1.0,2.0,2.0,1.0,1.0,2.0,1.0,460.0,68.0,2.0, [ - ]  [+: 0.0]  [-: 1.17715363147e-13] 
1.0,32.75,2.335,1.0,1.0,8.0,2.0,5.75,2.0,2.0,0.0,2.0,1.0,292.0,0.0,2.0, [ - ]  [+: 0.0]  [-: 4.67951599275e-14] 
2.0,20.42,0.835,1.0,1.0,2.0,1.0,1.585,1.0,1.0,1.0,1.0,1.0,0.0,0.0,1.0, [ - ]  [WRONG] [+: 4.15436823036e-16]  [-: 0.0] 
1.0,22.08,0.83,1.0,1.0,7.0,2.0,2.165,2.0,2.0,0.0,2.0,1.0,128.0,0.0,1.0, [ - ]  [WRONG] [+: 2.18781357289e-17]  [-: 0.0] 
2.0,47.42,8.0,1.0,1.0,11.0,3.0,6.5,1.0,1.0,6.0,1.0,1.0,375.0,51100.0,1.0, [ + ]  [+: 9.80933483022e-25]  [-: 0.0] 
1.0,52.33,1.375,2.0,2.0,7.0,2.0,9.46,1.0,2.0,0.0,2.0,1.0,200.0,100.0,2.0, [ + ]  [WRONG] [+: 0.0]  [-: 6.06910544193e-18] 
1.0,25.25,1.0,1.0,1.0,12.0,1.0,0.5,2.0,2.0,0.0,1.0,1.0,200.0,0.0,2.0, [ - ]  [+: 0.0]  [-: 6.37760525246e-13] 
1.0,47.67,2.5,1.0,1.0,3.0,3.0,2.5,1.0,1.0,12.0,2.0,1.0,410.0,2510.0,1.0, [ + ]  [+: 1.13061181834e-16]  [-: 0.0] 
1.0,24.5,13.335,2.0,2.0,12.0,1.0,0.04,2.0,2.0,0.0,2.0,1.0,120.0,475.0,2.0, [ - ]  [+: 0.0]  [-: 1.15322682088e-13] 
2.0,20.83,3.0,1.0,1.0,12.0,1.0,0.04,1.0,2.0,0.0,1.0,1.0,100.0,0.0,1.0, [ - ]  [WRONG] [+: 1.43506831639e-16]  [-: 0.0] 
1.0,32.25,14.0,2.0,2.0,13.0,4.0,0.0,2.0,1.0,2.0,1.0,1.0,160.0,1.0,2.0, [ - ]  [+: 0.0]  [-: 7.49861744126e-14] 
1.0,27.67,2.0,1.0,1.0,9.0,2.0,1.0,1.0,1.0,4.0,1.0,1.0,140.0,7544.0,1.0, [ + ]  [+: 2.17356868549e-15]  [-: 0.0] 
1.0,23.25,12.625,1.0,1.0,7.0,1.0,0.125,2.0,1.0,2.0,1.0,1.0,0.0,5552.0,2.0, [ + ]  [WRONG] [+: 0.0]  [-: 1.41114382131e-30] 
2.0,27.33,1.665,1.0,1.0,13.0,4.0,0.0,2.0,2.0,0.0,1.0,1.0,340.0,1.0,2.0, [ - ]  [+: 0.0]  [-: 1.02072318596e-12] 
2.0,56.5,16.0,1.0,1.0,14.0,4.0,0.0,1.0,1.0,15.0,1.0,1.0,0.0,247.0,1.0, [ + ]  [+: 1.59944455084e-18]  [-: 0.0] 
1.0,32.33,3.5,1.0,1.0,6.0,1.0,0.5,2.0,2.0,0.0,2.0,1.0,232.0,0.0,2.0, [ - ]  [+: 0.0]  [-: 8.82670926773e-13] 
1.0,25.75,0.5,1.0,1.0,7.0,1.0,1.46,1.0,1.0,5.0,2.0,1.0,312.0,0.0,1.0, [ - ]  [WRONG] [+: 4.92001050252e-16]  [-: 0.0] 
1.0,20.67,1.25,2.0,2.0,7.0,2.0,1.375,1.0,1.0,3.0,2.0,1.0,140.0,210.0,2.0, [ - ]  [+: 0.0]  [-: 2.91085432013e-14] 
1.0,24.08,0.875,1.0,1.0,3.0,1.0,0.085,2.0,1.0,4.0,1.0,1.0,254.0,1950.0,2.0, [ - ]  [+: 0.0]  [-: 9.75051185626e-16] 
2.0,49.0,1.5,1.0,1.0,14.0,5.0,0.0,1.0,2.0,0.0,2.0,1.0,100.0,27.0,2.0, [ - ]  [+: 0.0]  [-: 2.81826164481e-14] 
2.0,41.33,1.0,1.0,1.0,10.0,3.0,2.25,1.0,2.0,0.0,2.0,1.0,0.0,300.0,1.0, [ - ]  [WRONG] [+: 8.08618063257e-17]  [-: 0.0] 
1.0,21.25,1.5,1.0,1.0,1.0,1.0,1.5,2.0,2.0,0.0,1.0,1.0,150.0,8.0,1.0, [ - ]  [WRONG] [+: 1.69516711961e-17]  [-: 0.0] 
1.0,22.75,11.0,1.0,1.0,2.0,1.0,2.5,1.0,1.0,7.0,2.0,1.0,100.0,809.0,1.0, [ + ]  [+: 9.80292438092e-16]  [-: 0.0] 
1.0,22.75,11.5,1.0,1.0,10.0,1.0,0.415,2.0,2.0,0.0,1.0,1.0,0.0,0.0,2.0, [ - ]  [+: 0.0]  [-: 1.03560800877e-13] 
1.0,21.83,0.25,1.0,1.0,8.0,2.0,0.665,1.0,2.0,0.0,2.0,1.0,0.0,0.0,1.0, [ - ]  [WRONG] [+: 7.09807295974e-17]  [-: 0.0] 
1.0,27.75,1.29,1.0,1.0,6.0,2.0,0.25,2.0,2.0,0.0,2.0,2.0,140.0,0.0,2.0, [ - ]  [+: 0.0]  [-: 6.10042345654e-13] 
1.0,27.83,4.0,2.0,2.0,10.0,2.0,5.75,1.0,1.0,2.0,2.0,1.0,75.0,0.0,2.0, [ - ]  [+: 0.0]  [-: 6.79644841381e-15] 
1.0,32.92,2.5,1.0,1.0,12.0,1.0,1.75,2.0,1.0,2.0,2.0,1.0,720.0,0.0,2.0, [ - ]  [+: 0.0]  [-: 5.80415709635e-15] 
1.0,15.17,7.0,1.0,1.0,11.0,1.0,1.0,2.0,2.0,0.0,1.0,1.0,600.0,0.0,2.0, [ - ]  [+: 0.0]  [-: 1.8927693956e-14] 
2.0,22.5,11.0,2.0,2.0,2.0,1.0,3.0,1.0,2.0,0.0,2.0,1.0,268.0,0.0,2.0, [ - ]  [+: 0.0]  [-: 3.20325218209e-14] 
2.0,17.58,9.0,1.0,1.0,12.0,1.0,1.375,1.0,2.0,0.0,2.0,1.0,0.0,0.0,1.0, [ - ]  [WRONG] [+: 9.01382245089e-17]  [-: 0.0] 
1.0,20.0,7.0,1.0,1.0,7.0,1.0,0.5,2.0,2.0,0.0,1.0,1.0,0.0,0.0,2.0, [ - ]  [+: 0.0]  [-: 2.18570006446e-13] 
2.0,24.92,1.25,1.0,1.0,13.0,4.0,0.0,1.0,2.0,0.0,1.0,1.0,80.0,0.0,2.0, [ - ]  [+: 0.0]  [-: 2.06540110769e-13] 
2.0,22.83,2.29,1.0,1.0,2.0,2.0,2.29,1.0,1.0,7.0,2.0,1.0,140.0,2384.0,1.0, [ + ]  [+: 1.86797955008e-15]  [-: 0.0] 
1.0,23.25,4.0,1.0,1.0,7.0,3.0,0.25,1.0,2.0,0.0,2.0,1.0,160.0,0.0,1.0, [ - ]  [WRONG] [+: 2.13376276762e-16]  [-: 0.0] 
2.0,24.58,0.67,1.0,1.0,12.0,2.0,1.75,1.0,2.0,0.0,1.0,1.0,400.0,0.0,2.0, [ - ]  [+: 0.0]  [-: 4.92268406951e-14] 
1.0,17.42,6.5,1.0,1.0,10.0,1.0,0.125,2.0,2.0,0.0,1.0,1.0,60.0,100.0,2.0, [ - ]  [+: 0.0]  [-: 3.26339630156e-13] 
1.0,24.83,2.75,1.0,1.0,7.0,1.0,2.25,1.0,1.0,6.0,1.0,1.0,184.014771049,600.0,1.0, [ - ]  [WRONG] [+: 1.03214305406e-15]  [-: 0.0] 
1.0,16.08,0.75,1.0,1.0,7.0,1.0,1.75,1.0,1.0,5.0,2.0,1.0,352.0,690.0,1.0, [ - ]  [WRONG] [+: 1.91427444155e-16]  [-: 0.0] 
1.0,41.17,1.25,2.0,2.0,1.0,1.0,0.25,2.0,2.0,0.0,1.0,1.0,0.0,195.0,2.0, [ - ]  [+: 0.0]  [-: 3.43689006076e-13] 
1.0,31.5681710914,0.04,2.0,2.0,8.0,1.0,4.25,2.0,2.0,0.0,2.0,1.0,460.0,0.0,2.0, [ - ]  [+: 0.0]  [-: 1.87970135256e-13] 
2.0,28.58,3.75,1.0,1.0,7.0,1.0,0.25,2.0,1.0,1.0,2.0,1.0,40.0,154.0,2.0, [ - ]  [+: 0.0]  [-: 1.96013537523e-13] 
1.0,18.5,2.0,1.0,1.0,10.0,1.0,1.5,1.0,1.0,2.0,1.0,1.0,120.0,300.0,1.0, [ - ]  [WRONG] [+: 2.72095464373e-16]  [-: 0.0] 
1.0,35.0,3.375,1.0,1.0,7.0,2.0,8.29,2.0,2.0,0.0,2.0,1.0,0.0,0.0,2.0, [ - ]  [+: 0.0]  [-: 5.81919539553e-16] 
1.0,30.17,1.085,2.0,2.0,7.0,1.0,0.04,2.0,2.0,0.0,1.0,1.0,170.0,179.0,2.0, [ - ]  [+: 0.0]  [-: 1.16573795334e-12] 
1.0,23.08,0.0,1.0,1.0,6.0,1.0,1.0,2.0,1.0,11.0,1.0,2.0,0.0,0.0,2.0, [ + ]  [WRONG] [+: 0.0]  [-: 3.0257290649e-19] 
2.0,25.0,12.33,1.0,1.0,5.0,2.0,3.5,1.0,1.0,6.0,1.0,1.0,400.0,458.0,1.0, [ + ]  [+: 5.1606502848e-16]  [-: 0.0] 
1.0,23.0,0.625,2.0,2.0,12.0,1.0,0.125,1.0,2.0,0.0,1.0,1.0,180.0,1.0,2.0, [ - ]  [+: 0.0]  [-: 2.19192711239e-13] 
1.0,22.92,0.17,1.0,1.0,3.0,1.0,0.085,2.0,2.0,0.0,1.0,2.0,0.0,0.0,2.0, [ - ]  [+: 0.0]  [-: 2.95729446807e-13] 
1.0,22.58,10.04,1.0,1.0,9.0,1.0,0.04,1.0,1.0,9.0,1.0,1.0,60.0,396.0,1.0, [ + ]  [+: 7.97468993866e-16]  [-: 0.0] 
1.0,33.17,3.04,2.0,2.0,7.0,2.0,2.04,1.0,1.0,1.0,2.0,1.0,180.0,18027.0,1.0, [ + ]  [+: 7.63861524634e-17]  [-: 0.0] 
2.0,37.75,5.5,1.0,1.0,2.0,1.0,0.125,1.0,2.0,0.0,2.0,1.0,228.0,0.0,1.0, [ - ]  [WRONG] [+: 4.77436942694e-16]  [-: 0.0] 
1.0,34.83,4.0,1.0,1.0,8.0,3.0,12.5,1.0,2.0,0.0,2.0,1.0,184.014771049,0.0,2.0, [ + ]  [WRONG] [+: 0.0]  [-: 4.49374678599e-20] 
2.0,20.5,11.835,1.0,1.0,7.0,2.0,6.0,1.0,2.0,0.0,1.0,1.0,340.0,0.0,1.0, [ - ]  [WRONG] [+: 1.13302521707e-16]  [-: 0.0] 
2.0,64.08,0.165,1.0,1.0,13.0,4.0,0.0,1.0,1.0,1.0,1.0,1.0,232.0,100.0,1.0, [ - ]  [WRONG] [+: 3.77509929193e-18]  [-: 0.0] 
2.0,36.75,4.71,1.0,1.0,13.0,4.0,0.0,2.0,2.0,0.0,1.0,1.0,160.0,0.0,2.0, [ - ]  [+: 0.0]  [-: 1.1623088047e-12] 
1.0,20.0,11.045,1.0,1.0,7.0,1.0,2.0,2.0,2.0,0.0,2.0,1.0,136.0,0.0,2.0, [ - ]  [+: 0.0]  [-: 1.23242732563e-13] 
1.0,51.83,2.04,2.0,2.0,13.0,4.0,1.5,2.0,2.0,0.0,1.0,1.0,120.0,1.0,2.0, [ - ]  [+: 0.0]  [-: 3.88698233407e-13] 
1.0,37.5,0.835,1.0,1.0,11.0,1.0,0.04,2.0,2.0,0.0,1.0,1.0,120.0,5.0,2.0, [ - ]  [+: 0.0]  [-: 2.56271455597e-13] 
1.0,36.33,3.79,1.0,1.0,1.0,1.0,1.165,1.0,2.0,0.0,2.0,1.0,200.0,0.0,2.0, [ - ]  [+: 0.0]  [-: 1.20180633683e-13] 
1.0,16.0,3.125,1.0,1.0,1.0,1.0,0.085,2.0,1.0,1.0,1.0,1.0,0.0,6.0,2.0, [ - ]  [+: 0.0]  [-: 6.20064178046e-14] 
1.0,25.42,0.54,1.0,1.0,1.0,1.0,0.165,2.0,1.0,1.0,1.0,1.0,272.0,444.0,2.0, [ - ]  [+: 0.0]  [-: 1.62512086943e-13] 
2.0,51.92,6.5,1.0,1.0,10.0,3.0,3.085,2.0,2.0,0.0,2.0,1.0,73.0,0.0,2.0, [ - ]  [+: 0.0]  [-: 5.80637686858e-14] 
1.0,26.17,0.835,1.0,1.0,5.0,1.0,1.165,2.0,2.0,0.0,1.0,1.0,100.0,0.0,2.0, [ - ]  [+: 0.0]  [-: 3.13494761004e-13] 
1.0,39.0,5.0,1.0,1.0,5.0,1.0,3.5,1.0,1.0,10.0,2.0,1.0,0.0,0.0,1.0, [ + ]  [+: 1.03017485344e-15]  [-: 0.0] 
1.0,34.0,4.5,1.0,1.0,12.0,1.0,1.0,1.0,2.0,0.0,2.0,1.0,240.0,0.0,2.0, [ - ]  [+: 0.0]  [-: 1.67687333165e-13] 
1.0,23.92,0.665,1.0,1.0,7.0,1.0,0.165,2.0,2.0,0.0,1.0,1.0,100.0,0.0,1.0, [ - ]  [WRONG] [+: 1.14675950243e-17]  [-: 0.0] 
1.0,22.5,0.125,2.0,2.0,6.0,1.0,0.125,2.0,2.0,0.0,1.0,1.0,200.0,70.0,2.0, [ - ]  [+: 0.0]  [-: 1.05669367948e-12] 
1.0,41.58,1.75,1.0,1.0,6.0,1.0,0.21,1.0,2.0,0.0,1.0,1.0,160.0,0.0,2.0, [ - ]  [+: 0.0]  [-: 9.36311243255e-14] 
1.0,39.92,6.21,1.0,1.0,2.0,1.0,0.04,1.0,1.0,1.0,1.0,1.0,200.0,300.0,1.0, [ - ]  [WRONG] [+: 1.3129781876e-15]  [-: 0.0] 
1.0,25.0,11.25,1.0,1.0,7.0,1.0,2.5,1.0,1.0,17.0,1.0,1.0,200.0,1208.0,1.0, [ + ]  [+: 1.3147775569e-16]  [-: 0.0] 
1.0,47.83,4.165,1.0,1.0,9.0,3.0,0.085,2.0,2.0,0.0,2.0,1.0,520.0,0.0,2.0, [ - ]  [+: 0.0]  [-: 9.85144940215e-15] 
2.0,17.92,0.54,1.0,1.0,7.0,1.0,1.75,2.0,1.0,1.0,2.0,1.0,80.0,5.0,2.0, [ - ]  [+: 0.0]  [-: 1.04578260561e-13] 
1.0,39.33,5.875,1.0,1.0,5.0,2.0,10.0,1.0,1.0,14.0,2.0,1.0,399.0,0.0,1.0, [ + ]  [+: 1.35352868284e-16]  [-: 0.0] 
1.0,29.67,1.415,1.0,1.0,1.0,2.0,0.75,1.0,1.0,1.0,1.0,1.0,240.0,100.0,1.0, [ - ]  [WRONG] [+: 1.18367677877e-15]  [-: 0.0] 
1.0,26.67,4.25,1.0,1.0,5.0,1.0,4.29,1.0,1.0,1.0,2.0,1.0,120.0,0.0,1.0, [ - ]  [WRONG] [+: 1.79486787527e-15]  [-: 0.0] 
2.0,35.42,12.0,1.0,1.0,2.0,2.0,14.0,1.0,1.0,8.0,1.0,1.0,0.0,6590.0,1.0, [ + ]  [+: 4.87071620882e-17]  [-: 0.0] 
1.0,32.25,1.5,1.0,1.0,7.0,1.0,0.25,2.0,2.0,0.0,2.0,1.0,372.0,122.0,2.0, [ - ]  [+: 0.0]  [-: 4.07429268621e-13] 
2.0,31.5681710914,3.5,1.0,1.0,8.0,1.0,3.0,1.0,2.0,0.0,2.0,1.0,300.0,0.0,2.0, [ - ]  [+: 0.0]  [-: 1.29412228467e-13] 
1.0,36.25,5.0,1.0,1.0,7.0,3.0,2.5,1.0,1.0,6.0,1.0,1.0,0.0,367.0,1.0, [ - ]  [WRONG] [+: 8.14215599658e-16]  [-: 0.0] 
1.0,19.17,0.0,2.0,2.0,3.0,3.0,0.0,2.0,2.0,0.0,2.0,2.0,500.0,1.0,1.0, [ - ]  [WRONG] [+: 1.44485818455e-19]  [-: 0.0] 
2.0,46.67,0.46,1.0,1.0,5.0,2.0,0.415,1.0,1.0,11.0,2.0,1.0,440.0,6.0,1.0, [ + ]  [+: 1.5169466093e-16]  [-: 0.0] 
1.0,23.42,1.0,1.0,1.0,7.0,1.0,0.5,2.0,2.0,0.0,2.0,2.0,280.0,0.0,2.0, [ - ]  [+: 0.0]  [-: 6.23423453233e-13] 
2.0,32.0,6.0,1.0,1.0,8.0,1.0,1.25,2.0,2.0,0.0,1.0,1.0,272.0,0.0,2.0, [ - ]  [+: 0.0]  [-: 8.44483234913e-13] 
2.0,18.58,10.0,1.0,1.0,8.0,1.0,0.415,2.0,2.0,0.0,1.0,1.0,80.0,42.0,2.0, [ - ]  [+: 0.0]  [-: 1.80628407916e-13] 
2.0,38.33,4.415,1.0,1.0,7.0,1.0,0.125,2.0,2.0,0.0,1.0,1.0,160.0,0.0,2.0, [ - ]  [+: 0.0]  [-: 4.64288638108e-13] 
2.0,23.75,0.71,1.0,1.0,1.0,1.0,0.25,2.0,1.0,1.0,2.0,1.0,240.0,4.0,2.0, [ - ]  [+: 0.0]  [-: 1.60175059151e-13] 
1.0,23.17,0.0,1.0,1.0,7.0,1.0,0.0,2.0,2.0,0.0,1.0,3.0,184.014771049,0.0,1.0, [ - ]  [WRONG] [+: 1.23333043841e-17]  [-: 0.0] 
1.0,32.33,2.5,1.0,1.0,7.0,1.0,1.25,2.0,2.0,0.0,2.0,1.0,280.0,0.0,2.0, [ - ]  [+: 0.0]  [-: 6.61172941621e-13] 
1.0,21.92,0.54,2.0,2.0,9.0,1.0,0.04,1.0,1.0,1.0,2.0,1.0,840.0,59.0,1.0, [ - ]  [WRONG] [+: 2.8944551688e-20]  [-: 0.0] 
2.0,24.75,3.0,1.0,1.0,2.0,2.0,1.835,1.0,1.0,19.0,1.0,1.0,0.0,500.0,1.0, [ + ]  [+: 1.08949945328e-16]  [-: 0.0] 
2.0,18.17,10.0,2.0,2.0,2.0,2.0,0.165,2.0,2.0,0.0,1.0,1.0,340.0,0.0,2.0, [ - ]  [+: 0.0]  [-: 1.03908494731e-13] 
2.0,22.42,5.665,1.0,1.0,2.0,1.0,2.585,1.0,1.0,7.0,1.0,1.0,129.0,3257.0,1.0, [ + ]  [+: 1.50528897128e-15]  [-: 0.0] 
