1.0,27.83,1.54,1.0,1.0,1.0,1.0,3.75,1.0,1.0,5.0,2.0,1.0,100.0,3.0,1.0, [ + ]  [+: 1.69355264143e+15]  [-: 0.0] 
1.0,29.5,0.58,1.0,1.0,1.0,1.0,0.29,2.0,1.0,1.0,1.0,1.0,340.0,2803.0,2.0, [ - ]  [+: 0.0]  [-: 1.66431273886e+14] 
1.0,33.58,0.335,2.0,2.0,5.0,1.0,0.085,2.0,2.0,0.0,1.0,1.0,180.0,0.0,2.0, [ - ]  [+: 0.0]  [-: 5.8706092375e+17] 
1.0,31.5681710914,5.0,2.0,2.0,12.0,1.0,8.5,1.0,2.0,0.0,1.0,1.0,0.0,0.0,2.0, [ - ]  [+: 0.0]  [-: 5.39889883372e+14] 
2.0,41.58,1.04,1.0,1.0,12.0,1.0,0.665,2.0,2.0,0.0,1.0,1.0,240.0,237.0,2.0, [ - ]  [+: 0.0]  [-: 3.85105815173e+17] 
2.0,33.08,1.625,1.0,1.0,8.0,1.0,0.54,2.0,2.0,0.0,2.0,1.0,0.0,0.0,2.0, [ - ]  [+: 0.0]  [-: 3.6423637304e+17] 
1.0,38.25,10.125,2.0,2.0,6.0,1.0,0.125,2.0,2.0,0.0,1.0,1.0,160.0,0.0,2.0, [ - ]  [+: 0.0]  [-: 4.68673750052e+17] 
1.0,27.25,1.665,1.0,1.0,5.0,2.0,5.085,1.0,1.0,9.0,1.0,1.0,399.0,827.0,1.0, [ + ]  [+: 8.83462043545e+14]  [-: 0.0] 
1.0,69.17,9.0,1.0,1.0,13.0,4.0,4.0,2.0,1.0,1.0,1.0,1.0,70.0,6.0,2.0, [ - ]  [+: 0.0]  [-: 1.27688182431e+14] 
1.0,27.25,0.625,1.0,1.0,12.0,1.0,0.455,1.0,2.0,0.0,2.0,1.0,200.0,0.0,2.0, [ - ]  [+: 0.0]  [-: 1.45994979315e+17] 
1.0,24.5,12.75,1.0,1.0,7.0,3.0,4.75,1.0,1.0,2.0,1.0,1.0,73.0,444.0,1.0, [ - ]  [WRONG] [+: 7.33728808765e+14]  [-: 0.0] 
2.0,39.08,4.0,1.0,1.0,7.0,1.0,3.0,2.0,2.0,0.0,1.0,1.0,480.0,0.0,2.0, [ - ]  [+: 0.0]  [-: 5.37147544773e+16] 
1.0,34.67,1.08,1.0,1.0,3.0,1.0,1.165,2.0,2.0,0.0,1.0,2.0,28.0,0.0,2.0, [ - ]  [+: 0.0]  [-: 4.19888789719e+17] 
1.0,34.92,2.5,1.0,1.0,1.0,1.0,0.0,1.0,2.0,0.0,2.0,1.0,239.0,200.0,1.0, [ - ]  [WRONG] [+: 3.8112253539e+14]  [-: 0.0] 
2.0,16.5,1.25,1.0,1.0,2.0,1.0,0.25,2.0,1.0,1.0,1.0,1.0,108.0,98.0,2.0, [ - ]  [+: 0.0]  [-: 5.45837172416e+16] 
2.0,29.5,1.085,2.0,2.0,9.0,1.0,1.0,2.0,2.0,0.0,1.0,1.0,280.0,13.0,2.0, [ - ]  [+: 0.0]  [-: 2.57047328953e+17] 
1.0,33.75,2.75,1.0,1.0,10.0,3.0,0.0,2.0,2.0,0.0,1.0,1.0,180.0,0.0,2.0, [ - ]  [+: 0.0]  [-: 8.80253143736e+17] 
2.0,41.33,1.0,1.0,1.0,10.0,3.0,2.25,1.0,2.0,0.0,2.0,1.0,0.0,300.0,1.0, [ - ]  [WRONG] [+: 1.47809427526e+14]  [-: 0.0] 
2.0,20.75,10.335,1.0,1.0,5.0,2.0,0.335,1.0,1.0,1.0,2.0,1.0,80.0,50.0,1.0, [ - ]  [WRONG] [+: 1.47359837998e+15]  [-: 0.0] 
1.0,41.42,5.0,1.0,1.0,2.0,2.0,5.0,1.0,1.0,6.0,2.0,1.0,470.0,0.0,1.0, [ + ]  [+: 7.17332553985e+14]  [-: 0.0] 
2.0,47.75,8.0,1.0,1.0,7.0,1.0,7.875,1.0,1.0,6.0,2.0,1.0,0.0,1260.0,1.0, [ + ]  [+: 4.28830140074e+14]  [-: 0.0] 
1.0,47.67,2.5,1.0,1.0,3.0,3.0,2.5,1.0,1.0,12.0,2.0,1.0,410.0,2510.0,1.0, [ + ]  [+: 1.40652150587e+14]  [-: 0.0] 
1.0,25.17,6.0,1.0,1.0,7.0,1.0,1.0,1.0,1.0,3.0,1.0,1.0,0.0,0.0,1.0, [ - ]  [WRONG] [+: 1.0295732899e+15]  [-: 0.0] 
2.0,33.67,0.375,1.0,1.0,5.0,1.0,0.375,2.0,2.0,0.0,1.0,1.0,300.0,44.0,1.0, [ - ]  [WRONG] [+: 3.42665045552e+13]  [-: 0.0] 
2.0,19.5,0.165,1.0,1.0,2.0,1.0,0.04,2.0,2.0,0.0,2.0,1.0,380.0,0.0,2.0, [ - ]  [+: 0.0]  [-: 7.29176416954e+16] 
1.0,34.0,4.5,1.0,1.0,12.0,1.0,1.0,1.0,2.0,0.0,2.0,1.0,240.0,0.0,2.0, [ - ]  [+: 0.0]  [-: 1.78384823856e+17] 
2.0,35.17,3.75,1.0,1.0,13.0,4.0,0.0,2.0,1.0,6.0,1.0,1.0,0.0,200.0,2.0, [ - ]  [+: 0.0]  [-: 1.5120849686e+15] 
2.0,32.17,1.46,1.0,1.0,1.0,1.0,1.085,1.0,1.0,16.0,1.0,1.0,120.0,2079.0,1.0, [ + ]  [+: 1.48349345111e+14]  [-: 0.0] 
1.0,26.67,4.25,1.0,1.0,5.0,1.0,4.29,1.0,1.0,1.0,2.0,1.0,120.0,0.0,1.0, [ - ]  [WRONG] [+: 2.63007620068e+15]  [-: 0.0] 
1.0,31.5681710914,0.375,1.0,1.0,8.0,1.0,0.875,1.0,2.0,0.0,2.0,2.0,928.0,0.0,2.0, [ - ]  [+: 0.0]  [-: 269409978450.0] 
2.0,22.42,5.665,1.0,1.0,2.0,1.0,2.585,1.0,1.0,7.0,1.0,1.0,129.0,3257.0,1.0, [ + ]  [+: 2.60882761492e+15]  [-: 0.0] 
1.0,31.5681710914,3.0,2.0,2.0,10.0,3.0,7.0,2.0,2.0,0.0,1.0,1.0,0.0,1.0,2.0, [ - ]  [+: 0.0]  [-: 2.47565132868e+16] 
1.0,21.83,11.0,1.0,1.0,9.0,1.0,0.29,1.0,1.0,6.0,1.0,1.0,121.0,0.0,1.0, [ + ]  [+: 1.51442804836e+15]  [-: 0.0] 
1.0,32.42,2.165,2.0,2.0,6.0,4.0,0.0,2.0,2.0,0.0,1.0,1.0,120.0,0.0,2.0, [ - ]  [+: 0.0]  [-: 2.30667074865e+18] 
1.0,30.83,0.0,1.0,1.0,1.0,1.0,1.25,1.0,1.0,1.0,1.0,1.0,202.0,0.0,1.0, [ - ]  [WRONG] [+: 1.07607136879e+15]  [-: 0.0] 
1.0,31.08,1.5,2.0,2.0,1.0,1.0,0.04,2.0,2.0,0.0,1.0,2.0,160.0,0.0,2.0, [ - ]  [+: 0.0]  [-: 1.63387087912e+18] 
1.0,51.58,15.0,1.0,1.0,7.0,1.0,8.5,1.0,1.0,9.0,1.0,1.0,0.0,0.0,1.0, [ + ]  [+: 4.2467314033e+13]  [-: 0.0] 
2.0,23.58,0.585,2.0,2.0,13.0,4.0,0.125,2.0,2.0,0.0,1.0,1.0,120.0,87.0,2.0, [ - ]  [+: 0.0]  [-: 2.10358760655e+18] 
1.0,26.0,1.0,1.0,1.0,2.0,1.0,1.75,1.0,2.0,0.0,2.0,1.0,280.0,0.0,1.0, [ - ]  [WRONG] [+: 4.51757748671e+14]  [-: 0.0] 
1.0,73.42,17.75,1.0,1.0,13.0,4.0,0.0,1.0,2.0,0.0,2.0,1.0,0.0,0.0,1.0, [ - ]  [WRONG] [+: 14186867910.4]  [-: 0.0] 
1.0,20.08,0.25,1.0,1.0,2.0,1.0,0.125,2.0,2.0,0.0,1.0,1.0,200.0,0.0,2.0, [ - ]  [+: 0.0]  [-: 2.02176016493e+17] 
1.0,22.5,11.5,2.0,2.0,3.0,1.0,1.5,2.0,2.0,0.0,2.0,1.0,0.0,4000.0,2.0, [ + ]  [WRONG] [+: 0.0]  [-: 53590220894.6] 
1.0,34.0,5.085,2.0,2.0,10.0,3.0,1.085,2.0,2.0,0.0,2.0,1.0,480.0,0.0,2.0, [ - ]  [+: 0.0]  [-: 2.40740086467e+17] 
1.0,39.08,6.0,1.0,1.0,3.0,1.0,1.29,1.0,1.0,5.0,2.0,1.0,108.0,1097.0,1.0, [ + ]  [+: 2.17004133606e+15]  [-: 0.0] 
1.0,25.67,12.5,1.0,1.0,5.0,1.0,1.21,1.0,1.0,67.0,2.0,1.0,140.0,258.0,1.0, [ + ]  [+: 7.43846415439e-17]  [-: 0.0] 
2.0,25.25,13.5,2.0,2.0,13.0,4.0,2.0,2.0,1.0,1.0,2.0,1.0,200.0,1.0,2.0, [ - ]  [+: 0.0]  [-: 1.09913811992e+17] 
2.0,24.75,3.0,1.0,1.0,2.0,2.0,1.835,1.0,1.0,19.0,1.0,1.0,0.0,500.0,1.0, [ + ]  [+: 4.89126839834e+13]  [-: 0.0] 
1.0,22.08,11.0,1.0,1.0,5.0,1.0,0.665,1.0,2.0,0.0,1.0,1.0,100.0,0.0,1.0, [ - ]  [WRONG] [+: 3.32591537366e+14]  [-: 0.0] 
1.0,67.75,5.5,1.0,1.0,11.0,6.0,13.0,1.0,1.0,1.0,2.0,1.0,0.0,0.0,1.0, [ + ]  [+: 4.90797577749e+12]  [-: 0.0] 
1.0,39.83,0.5,1.0,1.0,3.0,1.0,0.25,1.0,2.0,0.0,1.0,2.0,288.0,0.0,2.0, [ - ]  [+: 0.0]  [-: 8.45878860799e+16] 
2.0,30.58,10.665,1.0,1.0,2.0,2.0,0.085,2.0,1.0,12.0,2.0,1.0,129.0,3.0,2.0, [ + ]  [WRONG] [+: 0.0]  [-: 3336117.95491] 
1.0,42.75,3.0,1.0,1.0,10.0,3.0,1.0,1.0,2.0,0.0,1.0,1.0,0.0,200.0,2.0, [ - ]  [+: 0.0]  [-: 4.68633392984e+16] 
1.0,29.83,2.04,2.0,2.0,9.0,2.0,0.04,2.0,2.0,0.0,1.0,1.0,128.0,1.0,2.0, [ - ]  [+: 0.0]  [-: 1.73276057045e+17] 
1.0,28.75,1.165,1.0,1.0,6.0,1.0,0.5,1.0,2.0,0.0,1.0,2.0,280.0,0.0,2.0, [ - ]  [+: 0.0]  [-: 2.19702452113e+17] 
2.0,15.75,0.375,1.0,1.0,7.0,1.0,1.0,2.0,2.0,0.0,1.0,1.0,120.0,18.0,2.0, [ - ]  [+: 0.0]  [-: 2.42290906026e+17] 
2.0,20.5,11.835,1.0,1.0,7.0,2.0,6.0,1.0,2.0,0.0,1.0,1.0,340.0,0.0,1.0, [ - ]  [WRONG] [+: 1.57212308768e+14]  [-: 0.0] 
2.0,60.58,16.5,1.0,1.0,2.0,1.0,11.0,1.0,2.0,0.0,2.0,1.0,21.0,10561.0,1.0, [ + ]  [+: 1.24620670791e+12]  [-: 0.0] 
2.0,36.75,4.71,1.0,1.0,13.0,4.0,0.0,2.0,2.0,0.0,1.0,1.0,160.0,0.0,2.0, [ - ]  [+: 0.0]  [-: 1.37939294825e+18] 
1.0,44.83,7.0,2.0,2.0,7.0,1.0,1.625,2.0,2.0,0.0,1.0,1.0,160.0,2.0,2.0, [ - ]  [+: 0.0]  [-: 4.64848610941e+17] 
2.0,52.17,0.0,2.0,2.0,13.0,4.0,0.0,2.0,2.0,0.0,1.0,1.0,0.0,0.0,2.0, [ - ]  [+: 0.0]  [-: 9.74229599682e+16] 
1.0,18.67,5.0,1.0,1.0,2.0,1.0,0.375,1.0,1.0,2.0,1.0,1.0,0.0,38.0,2.0, [ - ]  [+: 0.0]  [-: 6.00606563858e+15] 
2.0,28.42,3.5,1.0,1.0,1.0,1.0,0.835,1.0,2.0,0.0,1.0,2.0,280.0,0.0,1.0, [ - ]  [WRONG] [+: 2.61218204985e+14]  [-: 0.0] 
1.0,22.25,9.0,1.0,1.0,12.0,1.0,0.085,2.0,2.0,0.0,1.0,1.0,0.0,0.0,2.0, [ - ]  [+: 0.0]  [-: 1.19804971408e+17] 
1.0,25.17,3.5,1.0,1.0,5.0,1.0,0.625,1.0,1.0,7.0,1.0,1.0,0.0,7059.0,1.0, [ + ]  [+: 1.07351850402e+15]  [-: 0.0] 
2.0,20.67,1.835,1.0,1.0,2.0,1.0,2.085,1.0,1.0,5.0,1.0,1.0,220.0,2503.0,1.0, [ + ]  [+: 1.89301087912e+15]  [-: 0.0] 
2.0,24.75,13.665,1.0,1.0,2.0,2.0,1.5,2.0,2.0,0.0,1.0,1.0,280.0,1.0,2.0, [ - ]  [+: 0.0]  [-: 1.56272949265e+16] 
1.0,21.08,10.085,2.0,2.0,11.0,2.0,1.25,2.0,2.0,0.0,1.0,1.0,260.0,0.0,2.0, [ - ]  [+: 0.0]  [-: 1.92790356924e+17] 
1.0,20.25,9.96,1.0,1.0,11.0,8.0,0.0,1.0,2.0,0.0,1.0,1.0,0.0,0.0,1.0, [ - ]  [WRONG] [+: 7.21447964253e+13]  [-: 0.0] 
1.0,34.5,4.04,2.0,2.0,10.0,3.0,8.5,1.0,1.0,7.0,2.0,1.0,195.0,0.0,1.0, [ + ]  [+: 2.66033347502e+14]  [-: 0.0] 
1.0,40.83,3.5,1.0,1.0,10.0,3.0,0.5,2.0,2.0,0.0,1.0,2.0,1160.0,0.0,2.0, [ - ]  [+: 0.0]  [-: 37243909.8759] 
1.0,17.42,6.5,1.0,1.0,10.0,1.0,0.125,2.0,2.0,0.0,1.0,1.0,60.0,100.0,2.0, [ - ]  [+: 0.0]  [-: 2.93871226176e+17] 
1.0,30.67,2.5,1.0,1.0,5.0,2.0,2.25,2.0,2.0,0.0,2.0,2.0,340.0,0.0,2.0, [ - ]  [+: 0.0]  [-: 2.14112423393e+17] 
2.0,21.75,11.75,1.0,1.0,7.0,1.0,0.25,2.0,2.0,0.0,2.0,1.0,180.0,0.0,2.0, [ - ]  [+: 0.0]  [-: 1.07807914506e+17] 
2.0,26.58,2.54,2.0,2.0,13.0,4.0,0.0,2.0,2.0,0.0,2.0,1.0,180.0,60.0,2.0, [ - ]  [+: 0.0]  [-: 3.26466012372e+18] 
1.0,17.08,3.29,1.0,1.0,10.0,1.0,0.335,2.0,2.0,0.0,2.0,1.0,140.0,2.0,2.0, [ - ]  [+: 0.0]  [-: 5.09423782857e+17] 
1.0,30.08,1.04,2.0,2.0,10.0,3.0,0.5,1.0,1.0,10.0,2.0,1.0,132.0,28.0,2.0, [ + ]  [WRONG] [+: 0.0]  [-: 26108716216.4] 
1.0,22.17,0.585,2.0,2.0,13.0,4.0,0.0,2.0,2.0,0.0,1.0,1.0,100.0,0.0,2.0, [ - ]  [+: 0.0]  [-: 1.73715396261e+18] 
2.0,22.5,8.5,1.0,1.0,2.0,1.0,1.75,1.0,1.0,10.0,1.0,1.0,80.0,990.0,2.0, [ + ]  [WRONG] [+: 0.0]  [-: 1355050383.69] 
1.0,17.08,0.25,1.0,1.0,2.0,1.0,0.335,2.0,1.0,4.0,1.0,1.0,160.0,8.0,2.0, [ - ]  [+: 0.0]  [-: 7.96457214287e+15] 
2.0,58.67,4.46,1.0,1.0,2.0,2.0,3.04,1.0,1.0,6.0,1.0,1.0,43.0,560.0,1.0, [ + ]  [+: 5.83939544359e+14]  [-: 0.0] 
1.0,37.75,7.0,1.0,1.0,2.0,2.0,11.5,1.0,1.0,7.0,2.0,1.0,300.0,5.0,2.0, [ + ]  [WRONG] [+: 0.0]  [-: 111354031.987] 
2.0,65.17,14.0,1.0,1.0,13.0,4.0,0.0,1.0,1.0,11.0,2.0,1.0,0.0,1400.0,1.0, [ + ]  [+: 612037656899.0]  [-: 0.0] 
2.0,53.33,0.165,1.0,1.0,13.0,4.0,0.0,2.0,2.0,0.0,2.0,2.0,62.0,27.0,2.0, [ - ]  [+: 0.0]  [-: 9.11843397736e+16] 
1.0,36.67,3.25,1.0,1.0,2.0,2.0,9.0,1.0,2.0,0.0,2.0,1.0,102.0,639.0,1.0, [ + ]  [+: 5.36683219226e+14]  [-: 0.0] 
2.0,27.58,3.0,1.0,1.0,3.0,1.0,2.79,2.0,1.0,1.0,2.0,1.0,280.0,10.0,2.0, [ - ]  [+: 0.0]  [-: 2.03331990971e+17] 
1.0,23.08,0.0,1.0,1.0,6.0,1.0,1.0,2.0,1.0,11.0,1.0,2.0,0.0,0.0,2.0, [ + ]  [WRONG] [+: 0.0]  [-: 807901321.951] 
1.0,34.17,2.75,1.0,1.0,10.0,3.0,2.5,2.0,2.0,0.0,2.0,1.0,232.0,200.0,2.0, [ - ]  [+: 0.0]  [-: 8.87230943006e+17] 
1.0,74.83,19.0,2.0,2.0,13.0,4.0,0.04,2.0,1.0,2.0,1.0,1.0,0.0,351.0,2.0, [ - ]  [+: 0.0]  [-: 96231676360.4] 
1.0,30.17,6.5,1.0,1.0,5.0,1.0,3.125,1.0,1.0,8.0,1.0,1.0,330.0,1200.0,1.0, [ + ]  [+: 1.85663130984e+15]  [-: 0.0] 
1.0,49.17,2.29,1.0,1.0,13.0,4.0,0.29,2.0,2.0,0.0,1.0,1.0,200.0,3.0,2.0, [ - ]  [+: 0.0]  [-: 3.5515537092e+17] 
2.0,47.42,3.0,1.0,1.0,9.0,1.0,13.875,1.0,1.0,2.0,2.0,1.0,519.0,1704.0,1.0, [ + ]  [+: 8.63689739234e+12]  [-: 0.0] 
1.0,20.0,11.045,1.0,1.0,7.0,1.0,2.0,2.0,2.0,0.0,2.0,1.0,136.0,0.0,2.0, [ - ]  [+: 0.0]  [-: 1.28007228538e+17] 
1.0,34.17,5.25,1.0,1.0,1.0,1.0,0.085,2.0,2.0,0.0,2.0,1.0,290.0,6.0,1.0, [ - ]  [WRONG] [+: 3.52328857675e+13]  [-: 0.0] 
2.0,20.75,9.54,1.0,1.0,10.0,1.0,0.04,2.0,2.0,0.0,1.0,1.0,200.0,1000.0,2.0, [ - ]  [+: 0.0]  [-: 1.60747028816e+17] 
1.0,35.0,3.375,1.0,1.0,7.0,2.0,8.29,2.0,2.0,0.0,2.0,1.0,0.0,0.0,2.0, [ - ]  [+: 0.0]  [-: 9.87422994322e+14] 
1.0,31.5681710914,4.0,2.0,2.0,10.0,1.0,0.085,2.0,2.0,0.0,2.0,1.0,411.0,0.0,2.0, [ - ]  [+: 0.0]  [-: 5.91478210836e+17] 
1.0,35.17,4.5,1.0,1.0,9.0,2.0,5.75,2.0,2.0,0.0,2.0,2.0,711.0,0.0,1.0, [ - ]  [WRONG] [+: 278479972835.0]  [-: 0.0] 
2.0,46.08,3.0,1.0,1.0,7.0,1.0,2.375,1.0,1.0,8.0,2.0,1.0,396.0,4159.0,1.0, [ + ]  [+: 3.95042379431e+14]  [-: 0.0] 
1.0,22.92,0.17,1.0,1.0,3.0,1.0,0.085,2.0,2.0,0.0,1.0,2.0,0.0,0.0,2.0, [ - ]  [+: 0.0]  [-: 2.19352626707e+17] 
1.0,36.17,0.42,2.0,2.0,1.0,1.0,0.29,2.0,2.0,0.0,2.0,1.0,309.0,2.0,2.0, [ - ]  [+: 0.0]  [-: 6.85927846749e+17] 
1.0,25.83,12.835,1.0,1.0,5.0,1.0,0.5,2.0,2.0,0.0,1.0,1.0,0.0,2.0,2.0, [ - ]  [+: 0.0]  [-: 1.95070104431e+16] 
1.0,47.67,0.29,1.0,1.0,7.0,3.0,15.0,1.0,1.0,20.0,1.0,1.0,0.0,15000.0,1.0, [ + ]  [+: 37383398813.7]  [-: 0.0] 
1.0,62.75,7.0,1.0,1.0,11.0,6.0,0.0,2.0,2.0,0.0,1.0,1.0,0.0,12.0,2.0, [ - ]  [+: 0.0]  [-: 4.09962798411e+14] 
1.0,16.33,2.75,1.0,1.0,12.0,1.0,0.665,2.0,1.0,1.0,1.0,1.0,80.0,21.0,2.0, [ - ]  [+: 0.0]  [-: 1.16037450274e+17] 
1.0,45.17,1.5,1.0,1.0,7.0,1.0,2.5,1.0,2.0,0.0,2.0,1.0,140.0,0.0,2.0, [ - ]  [+: 0.0]  [-: 4.78194662055e+16] 
1.0,48.08,6.04,1.0,1.0,6.0,1.0,0.04,2.0,2.0,0.0,1.0,1.0,0.0,2690.0,1.0, [ - ]  [WRONG] [+: 9.03902005445e+12]  [-: 0.0] 
1.0,23.08,11.5,1.0,1.0,1.0,2.0,2.125,1.0,1.0,11.0,2.0,1.0,290.0,284.0,1.0, [ + ]  [+: 5.39016946049e+14]  [-: 0.0] 
1.0,31.5681710914,0.5,1.0,1.0,7.0,3.0,0.835,1.0,2.0,0.0,2.0,2.0,320.0,0.0,2.0, [ - ]  [+: 0.0]  [-: 1.21334133688e+17] 
2.0,19.58,0.665,2.0,2.0,7.0,1.0,1.0,2.0,1.0,1.0,1.0,1.0,2000.0,2.0,2.0, [ + ]  [WRONG] [+: 0.0]  [-: 2.3474135213e-19] 
2.0,25.0,11.0,2.0,2.0,12.0,1.0,4.5,1.0,2.0,0.0,1.0,1.0,120.0,0.0,2.0, [ - ]  [+: 0.0]  [-: 2.47421306246e+16] 
1.0,27.42,12.5,1.0,1.0,12.0,3.0,0.25,2.0,2.0,0.0,2.0,1.0,720.0,0.0,2.0, [ - ]  [+: 0.0]  [-: 8.79934200189e+13] 
1.0,24.58,1.25,1.0,1.0,7.0,1.0,0.25,2.0,2.0,0.0,1.0,1.0,110.0,0.0,2.0, [ - ]  [+: 0.0]  [-: 5.21928398031e+17] 
1.0,21.42,0.75,2.0,2.0,4.0,9.0,0.75,2.0,2.0,0.0,2.0,1.0,132.0,2.0,2.0, [ + ]  [WRONG] [+: 0.0]  [-: 0.0] 
1.0,25.0,12.0,1.0,1.0,6.0,1.0,2.25,1.0,1.0,2.0,2.0,1.0,120.0,5.0,2.0, [ - ]  [+: 0.0]  [-: 8.43393789483e+15] 
1.0,37.42,2.04,1.0,1.0,1.0,1.0,0.04,1.0,2.0,0.0,2.0,1.0,400.0,5800.0,1.0, [ + ]  [+: 1.21556917583e+14]  [-: 0.0] 
1.0,40.58,1.5,1.0,1.0,10.0,3.0,0.0,2.0,2.0,0.0,1.0,2.0,300.0,0.0,2.0, [ - ]  [+: 0.0]  [-: 4.94449038565e+17] 
1.0,33.58,0.25,1.0,1.0,10.0,3.0,4.0,2.0,2.0,0.0,2.0,2.0,420.0,0.0,2.0, [ - ]  [+: 0.0]  [-: 1.24839924803e+17] 
1.0,23.0,0.75,1.0,1.0,3.0,1.0,0.5,1.0,2.0,0.0,2.0,2.0,320.0,0.0,2.0, [ - ]  [+: 0.0]  [-: 1.00205046437e+17] 
2.0,16.33,0.21,1.0,1.0,12.0,1.0,0.125,2.0,2.0,0.0,1.0,1.0,200.0,1.0,2.0, [ - ]  [+: 0.0]  [-: 2.61326066872e+17] 
2.0,38.92,1.665,1.0,1.0,12.0,1.0,0.25,2.0,2.0,0.0,1.0,1.0,0.0,390.0,2.0, [ - ]  [+: 0.0]  [-: 1.96232848215e+17] 
1.0,39.92,5.0,1.0,1.0,10.0,3.0,0.21,2.0,2.0,0.0,1.0,1.0,550.0,0.0,2.0, [ - ]  [+: 0.0]  [-: 2.43180254626e+16] 
2.0,20.75,10.25,1.0,1.0,2.0,1.0,0.71,1.0,1.0,2.0,2.0,1.0,49.0,0.0,1.0, [ - ]  [WRONG] [+: 1.08400327831e+15]  [-: 0.0] 
1.0,20.42,0.0,1.0,1.0,7.0,1.0,0.0,2.0,2.0,0.0,1.0,3.0,184.014771049,0.0,2.0, [ - ]  [+: 0.0]  [-: 1.9732651815e+17] 
1.0,27.83,1.0,2.0,2.0,8.0,2.0,3.0,2.0,2.0,0.0,1.0,1.0,176.0,537.0,2.0, [ - ]  [+: 0.0]  [-: 8.24430572724e+17] 
1.0,25.0,12.5,1.0,1.0,12.0,1.0,3.0,1.0,2.0,0.0,2.0,2.0,20.0,0.0,1.0, [ - ]  [WRONG] [+: 1.07133122104e+14]  [-: 0.0] 
1.0,40.58,5.0,1.0,1.0,7.0,1.0,5.0,1.0,1.0,7.0,1.0,1.0,0.0,3065.0,1.0, [ + ]  [+: 1.09432950395e+15]  [-: 0.0] 
2.0,30.67,12.0,1.0,1.0,7.0,1.0,2.0,1.0,1.0,1.0,1.0,1.0,220.0,19.0,1.0, [ - ]  [WRONG] [+: 1.05833534645e+15]  [-: 0.0] 
1.0,18.83,0.0,1.0,1.0,2.0,1.0,0.665,2.0,2.0,0.0,1.0,1.0,160.0,1.0,2.0, [ - ]  [+: 0.0]  [-: 1.85491623307e+17] 
1.0,19.67,10.0,2.0,2.0,6.0,2.0,0.835,1.0,2.0,0.0,2.0,1.0,140.0,0.0,2.0, [ - ]  [+: 0.0]  [-: 6.42782032207e+16] 
2.0,58.42,21.0,1.0,1.0,10.0,3.0,10.0,1.0,1.0,13.0,1.0,1.0,0.0,6700.0,1.0, [ + ]  [+: 202251178435.0]  [-: 0.0] 
1.0,28.17,0.585,1.0,1.0,12.0,1.0,0.04,2.0,2.0,0.0,1.0,1.0,260.0,1004.0,2.0, [ - ]  [+: 0.0]  [-: 3.08382404932e+17] 
1.0,43.0,0.29,2.0,2.0,5.0,2.0,1.75,1.0,1.0,8.0,1.0,1.0,100.0,375.0,1.0, [ + ]  [+: 7.22213779362e+14]  [-: 0.0] 
2.0,22.5,0.415,1.0,1.0,10.0,1.0,0.335,2.0,2.0,0.0,2.0,2.0,144.0,0.0,2.0, [ - ]  [+: 0.0]  [-: 7.74744505429e+17] 
1.0,22.75,11.5,1.0,1.0,10.0,1.0,0.415,2.0,2.0,0.0,1.0,1.0,0.0,0.0,2.0, [ - ]  [+: 0.0]  [-: 7.0733239352e+16] 
1.0,19.17,9.5,1.0,1.0,1.0,1.0,1.5,1.0,2.0,0.0,1.0,1.0,120.0,2206.0,1.0, [ - ]  [WRONG] [+: 2.64671760608e+14]  [-: 0.0] 
1.0,29.58,4.75,1.0,1.0,3.0,1.0,2.0,2.0,1.0,1.0,2.0,1.0,460.0,68.0,2.0, [ - ]  [+: 0.0]  [-: 5.21694066282e+16] 
1.0,34.08,2.5,1.0,1.0,7.0,1.0,1.0,2.0,2.0,0.0,1.0,1.0,460.0,16.0,2.0, [ - ]  [+: 0.0]  [-: 1.32959863632e+17] 
1.0,25.33,0.58,1.0,1.0,7.0,1.0,0.29,1.0,1.0,7.0,2.0,1.0,96.0,5124.0,1.0, [ + ]  [+: 8.2325618351e+14]  [-: 0.0] 
