1.0,23.58,0.835,1.0,1.0,10.0,2.0,0.085,2.0,2.0,0.0,2.0,1.0,220.0,5.0,2.0, [ - ]  [+: 0.0]  [-: 4.51372236844e-13] 
1.0,42.08,1.04,1.0,1.0,1.0,1.0,5.0,1.0,1.0,6.0,2.0,1.0,500.0,10000.0,1.0, [ + ]  [+: 5.75087618101e-17]  [-: 0.0] 
2.0,22.92,1.25,1.0,1.0,2.0,1.0,0.25,2.0,2.0,0.0,2.0,1.0,120.0,809.0,2.0, [ - ]  [+: 0.0]  [-: 2.0737536489e-13] 
1.0,30.17,6.5,1.0,1.0,5.0,1.0,3.125,1.0,1.0,8.0,1.0,1.0,330.0,1200.0,1.0, [ + ]  [+: 1.07764257075e-15]  [-: 0.0] 
1.0,29.75,0.665,1.0,1.0,1.0,1.0,0.25,2.0,2.0,0.0,2.0,1.0,300.0,0.0,2.0, [ - ]  [+: 0.0]  [-: 5.34002322254e-13] 
2.0,49.83,13.585,1.0,1.0,6.0,2.0,8.5,1.0,2.0,0.0,2.0,1.0,0.0,0.0,1.0, [ + ]  [+: 1.94053281468e-17]  [-: 0.0] 
1.0,31.83,0.04,2.0,2.0,3.0,1.0,0.04,2.0,2.0,0.0,1.0,1.0,0.0,0.0,2.0, [ - ]  [+: 0.0]  [-: 7.71463869638e-13] 
2.0,22.67,0.79,1.0,1.0,10.0,1.0,0.085,2.0,2.0,0.0,1.0,1.0,144.0,0.0,2.0, [ - ]  [+: 0.0]  [-: 6.39856818774e-13] 
1.0,20.0,7.0,1.0,1.0,7.0,1.0,0.5,2.0,2.0,0.0,1.0,1.0,0.0,0.0,2.0, [ - ]  [+: 0.0]  [-: 2.61048486795e-13] 
1.0,42.83,1.25,1.0,1.0,3.0,1.0,13.875,2.0,1.0,1.0,2.0,1.0,352.0,112.0,2.0, [ + ]  [WRONG] [+: 0.0]  [-: 9.51487946707e-21] 
2.0,47.42,8.0,1.0,1.0,11.0,3.0,6.5,1.0,1.0,6.0,1.0,1.0,375.0,51100.0,1.0, [ + ]  [+: 8.17877332949e-25]  [-: 0.0] 
1.0,41.17,1.25,2.0,2.0,1.0,1.0,0.25,2.0,2.0,0.0,1.0,1.0,0.0,195.0,2.0, [ - ]  [+: 0.0]  [-: 4.90431935442e-13] 
1.0,29.67,1.415,1.0,1.0,1.0,2.0,0.75,1.0,1.0,1.0,1.0,1.0,240.0,100.0,1.0, [ - ]  [WRONG] [+: 1.02600810325e-15]  [-: 0.0] 
2.0,33.25,2.5,2.0,2.0,7.0,1.0,2.5,2.0,2.0,0.0,2.0,1.0,0.0,2.0,2.0, [ - ]  [+: 0.0]  [-: 8.51114037591e-13] 
2.0,22.67,7.0,1.0,1.0,7.0,1.0,0.165,2.0,2.0,0.0,1.0,1.0,160.0,0.0,2.0, [ - ]  [+: 0.0]  [-: 4.7601465849e-13] 
1.0,28.33,5.0,1.0,1.0,1.0,1.0,11.0,1.0,2.0,0.0,2.0,1.0,70.0,0.0,1.0, [ + ]  [+: 5.64325850264e-17]  [-: 0.0] 
2.0,25.17,2.875,1.0,1.0,9.0,2.0,0.875,1.0,2.0,0.0,1.0,1.0,360.0,0.0,1.0, [ - ]  [WRONG] [+: 3.87518991125e-16]  [-: 0.0] 
1.0,35.0,2.5,1.0,1.0,10.0,1.0,1.0,2.0,2.0,0.0,2.0,1.0,210.0,0.0,2.0, [ - ]  [+: 0.0]  [-: 1.15246477196e-12] 
1.0,25.17,3.0,1.0,1.0,7.0,1.0,1.25,2.0,1.0,1.0,1.0,1.0,0.0,22.0,2.0, [ - ]  [+: 0.0]  [-: 2.15651394922e-13] 
1.0,21.92,0.5,1.0,1.0,7.0,1.0,0.125,2.0,2.0,0.0,1.0,1.0,360.0,0.0,2.0, [ - ]  [+: 0.0]  [-: 3.63948417636e-13] 
2.0,38.75,1.5,1.0,1.0,13.0,4.0,0.0,2.0,2.0,0.0,1.0,1.0,76.0,0.0,2.0, [ - ]  [+: 0.0]  [-: 7.9193962826e-13] 
2.0,19.17,0.585,2.0,2.0,12.0,1.0,0.585,1.0,2.0,0.0,2.0,1.0,160.0,0.0,2.0, [ - ]  [+: 0.0]  [-: 2.08601992885e-13] 
1.0,32.33,7.5,1.0,1.0,11.0,3.0,1.585,1.0,2.0,0.0,2.0,2.0,420.0,0.0,2.0, [ - ]  [+: 0.0]  [-: 8.57918469638e-14] 
2.0,47.42,3.0,1.0,1.0,9.0,1.0,13.875,1.0,1.0,2.0,2.0,1.0,519.0,1704.0,1.0, [ + ]  [+: 5.09579533572e-18]  [-: 0.0] 
2.0,33.92,1.585,2.0,2.0,13.0,4.0,0.0,1.0,2.0,0.0,1.0,1.0,320.0,0.0,2.0, [ - ]  [+: 0.0]  [-: 5.439425565e-13] 
1.0,36.08,2.54,1.0,1.0,13.0,4.0,0.0,2.0,2.0,0.0,1.0,1.0,0.0,1000.0,2.0, [ - ]  [+: 0.0]  [-: 3.99861037035e-13] 
2.0,60.58,16.5,1.0,1.0,2.0,1.0,11.0,1.0,2.0,0.0,2.0,1.0,21.0,10561.0,1.0, [ + ]  [+: 7.97415271185e-19]  [-: 0.0] 
2.0,23.5,9.0,1.0,1.0,2.0,1.0,8.5,1.0,1.0,5.0,2.0,1.0,120.0,0.0,1.0, [ + ]  [+: 6.40098326939e-16]  [-: 0.0] 
1.0,28.75,1.5,2.0,2.0,7.0,1.0,1.5,1.0,2.0,0.0,2.0,1.0,0.0,225.0,2.0, [ - ]  [+: 0.0]  [-: 2.53336945788e-13] 
1.0,17.5,22.0,3.0,3.0,13.0,7.0,0.0,2.0,2.0,0.0,2.0,3.0,450.0,100000.0,1.0, [ + ]  [+: 5.16478056733e-54]  [-: 0.0] 
1.0,43.17,5.0,1.0,1.0,10.0,3.0,2.25,2.0,2.0,0.0,2.0,1.0,141.0,0.0,2.0, [ - ]  [+: 0.0]  [-: 4.8994891791e-13] 
1.0,33.75,2.75,1.0,1.0,10.0,3.0,0.0,2.0,2.0,0.0,1.0,1.0,180.0,0.0,2.0, [ - ]  [+: 0.0]  [-: 1.03166553455e-12] 
1.0,28.0,2.0,1.0,1.0,6.0,2.0,4.165,1.0,1.0,2.0,2.0,1.0,181.0,0.0,1.0, [ - ]  [WRONG] [+: 7.80596099495e-16]  [-: 0.0] 
1.0,33.17,2.25,2.0,2.0,5.0,1.0,3.5,2.0,2.0,0.0,2.0,1.0,200.0,141.0,2.0, [ - ]  [+: 0.0]  [-: 6.63588935795e-13] 
2.0,18.08,0.375,3.0,3.0,5.0,4.0,10.0,2.0,2.0,0.0,2.0,2.0,300.0,0.0,1.0, [ + ]  [+: 2.62525483373e-18]  [-: 0.0] 
1.0,16.33,4.085,1.0,1.0,10.0,2.0,0.415,2.0,2.0,0.0,2.0,1.0,120.0,0.0,2.0, [ - ]  [+: 0.0]  [-: 2.9434218005e-13] 
1.0,16.08,0.75,1.0,1.0,7.0,1.0,1.75,1.0,1.0,5.0,2.0,1.0,352.0,690.0,1.0, [ - ]  [WRONG] [+: 1.60254247531e-16]  [-: 0.0] 
1.0,36.42,0.75,2.0,2.0,8.0,1.0,0.585,2.0,2.0,0.0,1.0,1.0,240.0,3.0,2.0, [ - ]  [+: 0.0]  [-: 1.68834763659e-12] 
1.0,21.92,0.54,2.0,2.0,9.0,1.0,0.04,1.0,1.0,1.0,2.0,1.0,840.0,59.0,1.0, [ - ]  [WRONG] [+: 4.01805272884e-20]  [-: 0.0] 
1.0,18.08,6.75,2.0,2.0,3.0,1.0,0.04,2.0,2.0,0.0,1.0,1.0,140.0,0.0,2.0, [ - ]  [+: 0.0]  [-: 8.15071401824e-13] 
2.0,23.25,5.875,1.0,1.0,2.0,1.0,3.17,1.0,1.0,10.0,1.0,1.0,120.0,245.0,1.0, [ + ]  [+: 1.08675855784e-15]  [-: 0.0] 
1.0,28.17,0.125,2.0,2.0,6.0,1.0,0.085,2.0,2.0,0.0,1.0,1.0,216.0,2100.0,2.0, [ - ]  [+: 0.0]  [-: 2.94945932385e-14] 
1.0,34.08,0.08,2.0,2.0,3.0,3.0,0.04,1.0,1.0,1.0,2.0,1.0,280.0,2000.0,1.0, [ - ]  [WRONG] [+: 9.66828399791e-17]  [-: 0.0] 
2.0,23.58,0.585,2.0,2.0,13.0,4.0,0.125,2.0,2.0,0.0,1.0,1.0,120.0,87.0,2.0, [ - ]  [+: 0.0]  [-: 2.06876101451e-12] 
1.0,31.5681710914,4.0,2.0,2.0,10.0,1.0,0.085,2.0,2.0,0.0,2.0,1.0,411.0,0.0,2.0, [ - ]  [+: 0.0]  [-: 1.30969418843e-12] 
2.0,27.25,0.29,1.0,1.0,3.0,2.0,0.125,2.0,1.0,1.0,2.0,1.0,272.0,108.0,2.0, [ - ]  [+: 0.0]  [-: 1.38756004757e-13] 
1.0,38.58,3.335,1.0,1.0,1.0,1.0,4.0,1.0,1.0,14.0,1.0,1.0,383.0,1344.0,1.0, [ + ]  [+: 1.89991108217e-16]  [-: 0.0] 
2.0,44.33,0.0,1.0,1.0,7.0,1.0,2.5,1.0,2.0,0.0,1.0,1.0,0.0,0.0,1.0, [ - ]  [WRONG] [+: 8.93201697248e-17]  [-: 0.0] 
1.0,49.58,19.0,1.0,1.0,13.0,4.0,0.0,1.0,1.0,1.0,1.0,1.0,94.0,0.0,2.0, [ - ]  [+: 0.0]  [-: 2.63928698614e-17] 
1.0,28.17,0.585,1.0,1.0,12.0,1.0,0.04,2.0,2.0,0.0,1.0,1.0,260.0,1004.0,2.0, [ - ]  [+: 0.0]  [-: 3.42774835912e-13] 
1.0,28.67,9.335,1.0,1.0,2.0,2.0,5.665,1.0,1.0,6.0,1.0,1.0,381.0,168.0,1.0, [ + ]  [+: 8.83771895498e-16]  [-: 0.0] 
1.0,56.0,12.5,1.0,1.0,6.0,2.0,8.0,1.0,2.0,0.0,2.0,1.0,24.0,2028.0,1.0, [ + ]  [+: 1.43311085666e-17]  [-: 0.0] 
2.0,24.08,0.5,1.0,1.0,2.0,2.0,1.25,1.0,1.0,1.0,1.0,1.0,0.0,678.0,1.0, [ - ]  [WRONG] [+: 7.32897799664e-16]  [-: 0.0] 
2.0,55.75,7.08,1.0,1.0,6.0,2.0,6.75,1.0,1.0,3.0,2.0,1.0,100.0,50.0,2.0, [ + ]  [WRONG] [+: 0.0]  [-: 4.57225903217e-17] 
2.0,60.92,5.0,1.0,1.0,12.0,1.0,4.0,1.0,1.0,4.0,1.0,1.0,0.0,99.0,1.0, [ + ]  [+: 7.42589238306e-17]  [-: 0.0] 
1.0,19.17,9.5,1.0,1.0,1.0,1.0,1.5,1.0,2.0,0.0,1.0,1.0,120.0,2206.0,1.0, [ - ]  [WRONG] [+: 1.6173684508e-16]  [-: 0.0] 
1.0,51.83,2.04,2.0,2.0,13.0,4.0,1.5,2.0,2.0,0.0,1.0,1.0,120.0,1.0,2.0, [ - ]  [+: 0.0]  [-: 4.58373833727e-13] 
1.0,23.5,3.165,2.0,2.0,6.0,1.0,0.415,2.0,1.0,1.0,2.0,1.0,280.0,80.0,2.0, [ - ]  [+: 0.0]  [-: 8.38084191314e-13] 
1.0,44.83,7.0,2.0,2.0,7.0,1.0,1.625,2.0,2.0,0.0,1.0,1.0,160.0,2.0,2.0, [ - ]  [+: 0.0]  [-: 6.04195729769e-13] 
1.0,32.25,1.5,1.0,1.0,7.0,1.0,0.25,2.0,2.0,0.0,2.0,1.0,372.0,122.0,2.0, [ - ]  [+: 0.0]  [-: 5.37118131979e-13] 
1.0,48.5,4.25,1.0,1.0,3.0,1.0,0.125,1.0,2.0,0.0,2.0,1.0,225.0,0.0,1.0, [ - ]  [WRONG] [+: 1.07111621298e-16]  [-: 0.0] 
2.0,18.58,10.0,1.0,1.0,8.0,1.0,0.415,2.0,2.0,0.0,1.0,1.0,80.0,42.0,2.0, [ - ]  [+: 0.0]  [-: 1.57368120992e-13] 
1.0,41.0,0.04,1.0,1.0,11.0,1.0,0.04,2.0,1.0,1.0,1.0,2.0,560.0,0.0,1.0, [ - ]  [WRONG] [+: 1.00043984827e-18]  [-: 0.0] 
1.0,25.67,12.5,1.0,1.0,5.0,1.0,1.21,1.0,1.0,67.0,2.0,1.0,140.0,258.0,1.0, [ + ]  [+: 6.5175039355e-35]  [-: 0.0] 
1.0,29.92,1.835,1.0,1.0,7.0,2.0,4.335,1.0,2.0,0.0,1.0,1.0,260.0,200.0,1.0, [ - ]  [WRONG] [+: 3.41932296393e-16]  [-: 0.0] 
1.0,31.5681710914,0.375,1.0,1.0,8.0,1.0,0.875,1.0,2.0,0.0,2.0,2.0,928.0,0.0,2.0, [ - ]  [+: 0.0]  [-: 1.46440267539e-16] 
2.0,41.33,1.0,1.0,1.0,10.0,3.0,2.25,1.0,2.0,0.0,2.0,1.0,0.0,300.0,1.0, [ - ]  [WRONG] [+: 8.20339781727e-17]  [-: 0.0] 
1.0,18.42,10.415,2.0,2.0,12.0,1.0,0.125,1.0,2.0,0.0,1.0,1.0,120.0,375.0,2.0, [ - ]  [+: 0.0]  [-: 6.73292652079e-14] 
1.0,31.67,0.83,1.0,1.0,9.0,1.0,1.335,1.0,1.0,8.0,2.0,1.0,303.0,3290.0,1.0, [ + ]  [+: 9.83093973681e-16]  [-: 0.0] 
1.0,24.58,1.25,1.0,1.0,7.0,1.0,0.25,2.0,2.0,0.0,1.0,1.0,110.0,0.0,2.0, [ - ]  [+: 0.0]  [-: 6.27140582594e-13] 
2.0,34.83,1.25,2.0,2.0,10.0,2.0,0.5,2.0,2.0,0.0,2.0,1.0,160.0,0.0,2.0, [ - ]  [+: 0.0]  [-: 1.05409742419e-12] 
2.0,47.0,13.0,1.0,1.0,10.0,3.0,5.165,1.0,1.0,9.0,2.0,1.0,0.0,0.0,1.0, [ + ]  [+: 1.08902152647e-16]  [-: 0.0] 
1.0,27.83,1.5,1.0,1.0,1.0,1.0,2.25,2.0,1.0,1.0,2.0,1.0,100.0,3.0,2.0, [ - ]  [+: 0.0]  [-: 2.39950205064e-13] 
2.0,25.75,0.5,1.0,1.0,7.0,2.0,0.875,1.0,2.0,0.0,2.0,1.0,491.0,0.0,1.0, [ - ]  [WRONG] [+: 3.9824768123e-17]  [-: 0.0] 
1.0,24.83,2.75,1.0,1.0,7.0,1.0,2.25,1.0,1.0,6.0,1.0,1.0,184.014771049,600.0,1.0, [ - ]  [WRONG] [+: 7.84204779009e-16]  [-: 0.0] 
1.0,36.75,0.125,2.0,2.0,7.0,1.0,1.5,2.0,2.0,0.0,2.0,1.0,232.0,113.0,1.0, [ - ]  [WRONG] [+: 3.63956002727e-18]  [-: 0.0] 
1.0,21.17,0.0,1.0,1.0,7.0,1.0,0.5,2.0,2.0,0.0,2.0,2.0,0.0,0.0,2.0, [ - ]  [+: 0.0]  [-: 3.58220719936e-13] 
1.0,23.08,0.0,1.0,1.0,6.0,1.0,1.0,2.0,1.0,11.0,1.0,2.0,0.0,0.0,2.0, [ + ]  [WRONG] [+: 0.0]  [-: 4.38395441574e-20] 
1.0,19.42,6.5,1.0,1.0,1.0,2.0,1.46,1.0,1.0,7.0,1.0,1.0,80.0,2954.0,1.0, [ + ]  [+: 9.50867231471e-16]  [-: 0.0] 
1.0,18.08,5.5,1.0,1.0,6.0,1.0,0.5,1.0,2.0,0.0,1.0,1.0,80.0,0.0,1.0, [ - ]  [WRONG] [+: 6.44083327411e-17]  [-: 0.0] 
2.0,31.5681710914,1.5,1.0,1.0,13.0,4.0,0.0,2.0,1.0,2.0,2.0,1.0,200.0,105.0,2.0, [ - ]  [+: 0.0]  [-: 4.30219648316e-13] 
1.0,43.17,2.25,1.0,1.0,10.0,3.0,0.75,1.0,2.0,0.0,1.0,1.0,560.0,0.0,2.0, [ - ]  [+: 0.0]  [-: 2.12160345091e-14] 
2.0,71.58,0.0,1.0,1.0,7.0,1.0,0.0,2.0,2.0,0.0,1.0,3.0,184.014771049,0.0,1.0, [ - ]  [WRONG] [+: 1.89953604624e-19]  [-: 0.0] 
2.0,23.75,0.71,1.0,1.0,1.0,1.0,0.25,2.0,1.0,1.0,2.0,1.0,240.0,4.0,2.0, [ - ]  [+: 0.0]  [-: 1.85793655647e-13] 
1.0,47.67,0.29,1.0,1.0,7.0,3.0,15.0,1.0,1.0,20.0,1.0,1.0,0.0,15000.0,1.0, [ + ]  [+: 7.02252460062e-20]  [-: 0.0] 
1.0,20.67,0.415,1.0,1.0,7.0,1.0,0.125,2.0,2.0,0.0,1.0,1.0,0.0,44.0,2.0, [ - ]  [+: 0.0]  [-: 2.60384051226e-13] 
1.0,19.0,0.0,2.0,2.0,13.0,4.0,0.0,2.0,1.0,4.0,1.0,1.0,45.0,1.0,2.0, [ - ]  [+: 0.0]  [-: 8.23562925091e-14] 
1.0,39.92,5.0,1.0,1.0,10.0,3.0,0.21,2.0,2.0,0.0,1.0,1.0,550.0,0.0,2.0, [ - ]  [+: 0.0]  [-: 1.28710185063e-13] 
2.0,18.17,10.0,2.0,2.0,2.0,2.0,0.165,2.0,2.0,0.0,1.0,1.0,340.0,0.0,2.0, [ - ]  [+: 0.0]  [-: 8.31385681332e-14] 
2.0,46.0,4.0,1.0,1.0,14.0,5.0,0.0,1.0,2.0,0.0,1.0,1.0,100.0,960.0,1.0, [ - ]  [WRONG] [+: 1.1463713543e-16]  [-: 0.0] 
2.0,23.58,0.83,1.0,1.0,2.0,1.0,0.415,2.0,1.0,1.0,2.0,1.0,200.0,11.0,2.0, [ - ]  [+: 0.0]  [-: 1.39320786759e-13] 
1.0,29.83,3.5,1.0,1.0,7.0,1.0,0.165,2.0,2.0,0.0,1.0,1.0,216.0,0.0,2.0, [ - ]  [+: 0.0]  [-: 9.44703231484e-13] 
1.0,41.58,1.75,1.0,1.0,6.0,1.0,0.21,1.0,2.0,0.0,1.0,1.0,160.0,0.0,2.0, [ - ]  [+: 0.0]  [-: 1.42194803153e-13] 
1.0,25.17,6.0,1.0,1.0,7.0,1.0,1.0,1.0,1.0,3.0,1.0,1.0,0.0,0.0,1.0, [ - ]  [WRONG] [+: 4.86515878731e-16]  [-: 0.0] 
2.0,28.67,1.04,1.0,1.0,7.0,1.0,2.5,1.0,1.0,5.0,2.0,1.0,300.0,1430.0,1.0, [ + ]  [+: 6.69539462552e-16]  [-: 0.0] 
1.0,26.5,2.71,2.0,2.0,7.0,1.0,0.085,2.0,2.0,0.0,1.0,2.0,80.0,0.0,2.0, [ - ]  [+: 0.0]  [-: 2.06560865301e-12] 
1.0,29.25,14.79,1.0,1.0,12.0,1.0,5.04,1.0,1.0,5.0,2.0,1.0,168.0,0.0,1.0, [ + ]  [+: 3.09103555796e-16]  [-: 0.0] 
1.0,19.0,1.75,2.0,2.0,7.0,1.0,2.335,2.0,2.0,0.0,2.0,1.0,112.0,6.0,2.0, [ - ]  [+: 0.0]  [-: 9.12779949257e-13] 
2.0,52.17,0.0,2.0,2.0,13.0,4.0,0.0,2.0,2.0,0.0,1.0,1.0,0.0,0.0,2.0, [ - ]  [+: 0.0]  [-: 1.43930511532e-13] 
1.0,31.25,2.835,1.0,1.0,13.0,4.0,0.0,2.0,1.0,5.0,1.0,1.0,176.0,146.0,2.0, [ - ]  [+: 0.0]  [-: 4.62534183683e-14] 
1.0,27.83,4.0,2.0,2.0,10.0,2.0,5.75,1.0,1.0,2.0,2.0,1.0,75.0,0.0,2.0, [ - ]  [+: 0.0]  [-: 1.20926962568e-14] 
1.0,56.42,28.0,2.0,2.0,7.0,1.0,28.5,1.0,1.0,40.0,1.0,1.0,0.0,15.0,1.0, [ + ]  [+: 5.81782901099e-35]  [-: 0.0] 
1.0,22.67,2.54,2.0,2.0,7.0,2.0,2.585,1.0,2.0,0.0,1.0,1.0,0.0,0.0,1.0, [ - ]  [WRONG] [+: 5.12830070828e-17]  [-: 0.0] 
1.0,42.0,9.79,1.0,1.0,9.0,2.0,7.96,1.0,1.0,8.0,1.0,1.0,0.0,0.0,1.0, [ + ]  [+: 7.70762668393e-16]  [-: 0.0] 
1.0,41.17,4.04,1.0,1.0,5.0,2.0,7.0,1.0,1.0,8.0,1.0,1.0,320.0,0.0,1.0, [ + ]  [+: 9.90761637992e-16]  [-: 0.0] 
1.0,52.33,1.375,2.0,2.0,7.0,2.0,9.46,1.0,2.0,0.0,2.0,1.0,200.0,100.0,2.0, [ - ]  [+: 0.0]  [-: 2.82692201467e-17] 
2.0,33.67,0.375,1.0,1.0,5.0,1.0,0.375,2.0,2.0,0.0,1.0,1.0,300.0,44.0,1.0, [ - ]  [WRONG] [+: 1.64198514069e-17]  [-: 0.0] 
1.0,30.17,1.085,2.0,2.0,7.0,1.0,0.04,2.0,2.0,0.0,1.0,1.0,170.0,179.0,2.0, [ - ]  [+: 0.0]  [-: 1.62954611171e-12] 
1.0,33.0,2.5,2.0,2.0,1.0,1.0,7.0,2.0,2.0,0.0,2.0,1.0,280.0,0.0,2.0, [ - ]  [+: 0.0]  [-: 5.35399091545e-14] 
1.0,21.42,0.75,2.0,2.0,4.0,9.0,0.75,2.0,2.0,0.0,2.0,1.0,132.0,2.0,2.0, [ - ]  [+: 0.0]  [-: 5.33097128559e-13] 
2.0,21.5,6.0,1.0,1.0,12.0,1.0,2.5,1.0,1.0,3.0,1.0,1.0,80.0,918.0,1.0, [ - ]  [WRONG] [+: 6.84820274068e-16]  [-: 0.0] 
2.0,22.5,0.415,1.0,1.0,10.0,1.0,0.335,2.0,2.0,0.0,2.0,2.0,144.0,0.0,2.0, [ - ]  [+: 0.0]  [-: 8.4792250471e-13] 
1.0,20.67,1.25,2.0,2.0,7.0,2.0,1.375,1.0,1.0,3.0,2.0,1.0,140.0,210.0,2.0, [ - ]  [+: 0.0]  [-: 3.1025052116e-14] 
1.0,27.58,3.25,2.0,2.0,2.0,2.0,5.085,2.0,1.0,2.0,2.0,1.0,369.0,1.0,2.0, [ - ]  [+: 0.0]  [-: 3.55942859955e-14] 
1.0,20.17,5.625,1.0,1.0,1.0,1.0,1.71,1.0,2.0,0.0,1.0,2.0,120.0,0.0,1.0, [ - ]  [WRONG] [+: 1.05264576447e-16]  [-: 0.0] 
2.0,22.75,6.165,1.0,1.0,12.0,1.0,0.165,2.0,2.0,0.0,1.0,1.0,220.0,1000.0,2.0, [ - ]  [+: 0.0]  [-: 3.00520684053e-13] 
2.0,22.42,11.25,2.0,2.0,9.0,2.0,0.75,1.0,1.0,4.0,1.0,1.0,0.0,321.0,1.0, [ - ]  [WRONG] [+: 2.91434033494e-16]  [-: 0.0] 
1.0,34.92,5.0,1.0,1.0,9.0,2.0,7.5,1.0,1.0,6.0,2.0,1.0,0.0,1000.0,1.0, [ + ]  [+: 1.57026603304e-15]  [-: 0.0] 
1.0,19.58,0.585,1.0,1.0,13.0,4.0,0.0,2.0,1.0,3.0,1.0,1.0,350.0,769.0,2.0, [ - ]  [+: 0.0]  [-: 7.88828541502e-14] 
2.0,24.75,12.5,1.0,1.0,12.0,1.0,1.5,1.0,1.0,12.0,2.0,1.0,120.0,567.0,1.0, [ + ]  [+: 2.57168878446e-16]  [-: 0.0] 
2.0,26.92,13.5,1.0,1.0,2.0,2.0,5.0,1.0,1.0,2.0,1.0,1.0,0.0,5000.0,1.0, [ + ]  [+: 6.30872385307e-16]  [-: 0.0] 
1.0,27.58,2.04,2.0,2.0,12.0,1.0,2.0,1.0,1.0,3.0,2.0,1.0,370.0,560.0,1.0, [ - ]  [WRONG] [+: 9.67559278367e-17]  [-: 0.0] 
2.0,31.92,3.125,1.0,1.0,13.0,4.0,3.04,2.0,1.0,2.0,2.0,1.0,200.0,4.0,2.0, [ - ]  [+: 0.0]  [-: 4.07012746583e-13] 
1.0,42.75,4.085,1.0,1.0,12.0,1.0,0.04,2.0,2.0,0.0,1.0,1.0,108.0,100.0,2.0, [ - ]  [+: 0.0]  [-: 4.35961611891e-13] 
1.0,25.58,0.335,1.0,1.0,6.0,2.0,3.5,2.0,2.0,0.0,2.0,1.0,340.0,0.0,2.0, [ - ]  [+: 0.0]  [-: 2.39550648324e-13] 
2.0,58.33,10.0,1.0,1.0,2.0,1.0,4.0,1.0,1.0,14.0,1.0,1.0,0.0,1602.0,1.0, [ + ]  [+: 5.82321544428e-17]  [-: 0.0] 
2.0,19.17,8.585,1.0,1.0,5.0,2.0,0.75,1.0,1.0,7.0,1.0,1.0,96.0,0.0,1.0, [ + ]  [+: 1.23258158183e-15]  [-: 0.0] 
2.0,26.08,8.665,1.0,1.0,12.0,1.0,1.415,1.0,2.0,0.0,1.0,1.0,160.0,150.0,1.0, [ - ]  [WRONG] [+: 2.42373827422e-16]  [-: 0.0] 
1.0,42.25,1.75,2.0,2.0,7.0,1.0,0.0,2.0,2.0,0.0,2.0,1.0,150.0,1.0,2.0, [ - ]  [+: 0.0]  [-: 8.19356295875e-13] 
2.0,53.33,0.165,1.0,1.0,13.0,4.0,0.0,2.0,2.0,0.0,2.0,2.0,62.0,27.0,2.0, [ - ]  [+: 0.0]  [-: 1.04019257762e-13] 
2.0,65.17,14.0,1.0,1.0,13.0,4.0,0.0,1.0,1.0,11.0,2.0,1.0,0.0,1400.0,1.0, [ + ]  [+: 1.20750707611e-18]  [-: 0.0] 
1.0,32.33,2.5,1.0,1.0,7.0,1.0,1.25,2.0,2.0,0.0,2.0,1.0,280.0,0.0,2.0, [ - ]  [+: 0.0]  [-: 8.87735908244e-13] 
1.0,33.58,0.335,2.0,2.0,5.0,1.0,0.085,2.0,2.0,0.0,1.0,1.0,180.0,0.0,2.0, [ - ]  [+: 0.0]  [-: 7.16687974898e-13] 
2.0,25.25,13.5,2.0,2.0,13.0,4.0,2.0,2.0,1.0,1.0,2.0,1.0,200.0,1.0,2.0, [ - ]  [+: 0.0]  [-: 7.97895215795e-14] 
1.0,38.42,0.705,1.0,1.0,7.0,1.0,0.375,2.0,1.0,2.0,1.0,1.0,225.0,500.0,2.0, [ - ]  [+: 0.0]  [-: 1.60012387135e-13] 
1.0,50.75,0.585,1.0,1.0,13.0,4.0,0.0,2.0,2.0,0.0,1.0,1.0,145.0,0.0,2.0, [ - ]  [+: 0.0]  [-: 1.92196455357e-13] 
1.0,30.17,0.5,1.0,1.0,7.0,1.0,1.75,1.0,1.0,11.0,1.0,1.0,32.0,540.0,1.0, [ + ]  [+: 3.01161145518e-16]  [-: 0.0] 
1.0,58.58,2.71,1.0,1.0,7.0,1.0,2.415,2.0,2.0,0.0,2.0,1.0,320.0,0.0,2.0, [ - ]  [+: 0.0]  [-: 1.95420377265e-14] 
1.0,18.17,10.25,1.0,1.0,7.0,2.0,1.085,2.0,2.0,0.0,1.0,1.0,320.0,13.0,2.0, [ - ]  [+: 0.0]  [-: 7.97553245955e-14] 
1.0,29.17,3.5,1.0,1.0,1.0,1.0,3.5,1.0,1.0,3.0,2.0,1.0,329.0,0.0,2.0, [ - ]  [+: 0.0]  [-: 1.81595455576e-14] 
2.0,48.17,1.335,1.0,1.0,10.0,7.0,0.335,2.0,2.0,0.0,1.0,1.0,0.0,120.0,2.0, [ - ]  [+: 0.0]  [-: 1.07706502202e-13] 
1.0,40.58,1.5,1.0,1.0,10.0,3.0,0.0,2.0,2.0,0.0,1.0,2.0,300.0,0.0,2.0, [ - ]  [+: 0.0]  [-: 7.39864521389e-13] 
2.0,19.67,0.21,1.0,1.0,2.0,2.0,0.29,1.0,1.0,11.0,1.0,1.0,80.0,99.0,1.0, [ + ]  [+: 4.49324213754e-16]  [-: 0.0] 
1.0,29.58,4.75,1.0,1.0,3.0,1.0,2.0,2.0,1.0,1.0,2.0,1.0,460.0,68.0,2.0, [ - ]  [+: 0.0]  [-: 1.63655656062e-13] 
2.0,30.25,5.5,1.0,1.0,6.0,1.0,5.5,2.0,2.0,0.0,2.0,2.0,100.0,0.0,2.0, [ - ]  [+: 0.0]  [-: 2.10822964281e-13] 
1.0,34.42,4.25,1.0,1.0,10.0,3.0,3.25,1.0,1.0,2.0,1.0,1.0,274.0,610.0,1.0, [ - ]  [WRONG] [+: 5.63965789477e-16]  [-: 0.0] 
1.0,41.92,0.42,1.0,1.0,7.0,2.0,0.21,1.0,1.0,6.0,1.0,1.0,220.0,948.0,1.0, [ + ]  [+: 6.81835159214e-16]  [-: 0.0] 
1.0,32.92,2.5,1.0,1.0,12.0,1.0,1.75,2.0,1.0,2.0,2.0,1.0,720.0,0.0,2.0, [ - ]  [+: 0.0]  [-: 6.5467373593e-15] 
1.0,28.25,5.125,1.0,1.0,9.0,1.0,4.75,1.0,1.0,2.0,1.0,1.0,420.0,7.0,1.0, [ - ]  [WRONG] [+: 6.4624998664e-16]  [-: 0.0] 
1.0,23.17,11.125,1.0,1.0,9.0,2.0,0.46,1.0,1.0,1.0,1.0,1.0,100.0,0.0,1.0, [ - ]  [WRONG] [+: 1.27165227121e-15]  [-: 0.0] 
2.0,37.33,2.5,1.0,1.0,10.0,2.0,0.21,2.0,2.0,0.0,1.0,1.0,260.0,246.0,2.0, [ - ]  [+: 0.0]  [-: 4.96629179696e-13] 
2.0,20.75,10.335,1.0,1.0,5.0,2.0,0.335,1.0,1.0,1.0,2.0,1.0,80.0,50.0,1.0, [ - ]  [WRONG] [+: 1.01660711783e-15]  [-: 0.0] 
1.0,36.25,5.0,1.0,1.0,7.0,3.0,2.5,1.0,1.0,6.0,1.0,1.0,0.0,367.0,1.0, [ + ]  [+: 7.34613781572e-16]  [-: 0.0] 
1.0,17.08,0.085,2.0,2.0,7.0,1.0,0.04,2.0,2.0,0.0,1.0,1.0,140.0,722.0,2.0, [ - ]  [+: 0.0]  [-: 4.51828021917e-13] 
1.0,29.83,1.25,2.0,2.0,6.0,1.0,0.25,2.0,2.0,0.0,1.0,1.0,224.0,0.0,2.0, [ - ]  [+: 0.0]  [-: 2.23430929605e-12] 
1.0,17.92,0.205,1.0,1.0,12.0,1.0,0.04,2.0,2.0,0.0,1.0,1.0,280.0,750.0,2.0, [ - ]  [+: 0.0]  [-: 2.42666423229e-13] 
2.0,15.75,0.375,1.0,1.0,7.0,1.0,1.0,2.0,2.0,0.0,1.0,1.0,120.0,18.0,2.0, [ - ]  [+: 0.0]  [-: 2.58345763671e-13] 
1.0,22.25,0.46,1.0,1.0,6.0,1.0,0.125,2.0,2.0,0.0,2.0,1.0,280.0,55.0,2.0, [ - ]  [+: 0.0]  [-: 6.22552195811e-13] 
2.0,35.75,0.915,1.0,1.0,12.0,1.0,0.75,1.0,1.0,4.0,1.0,1.0,0.0,1583.0,1.0, [ - ]  [WRONG] [+: 3.98824102739e-16]  [-: 0.0] 
1.0,39.58,13.915,1.0,1.0,1.0,1.0,8.625,1.0,1.0,6.0,2.0,1.0,70.0,0.0,1.0, [ + ]  [+: 1.88781372147e-16]  [-: 0.0] 
2.0,36.58,0.29,1.0,1.0,13.0,4.0,0.0,2.0,1.0,10.0,1.0,1.0,200.0,18.0,2.0, [ + ]  [WRONG] [+: 0.0]  [-: 1.21876678785e-18] 
1.0,47.17,5.835,1.0,1.0,1.0,1.0,5.5,2.0,2.0,0.0,1.0,1.0,465.0,150.0,2.0, [ - ]  [+: 0.0]  [-: 1.33681465535e-14] 
1.0,31.5681710914,0.04,2.0,2.0,8.0,1.0,4.25,2.0,2.0,0.0,2.0,1.0,460.0,0.0,2.0, [ - ]  [+: 0.0]  [-: 2.74736755588e-13] 
1.0,31.83,2.5,1.0,1.0,12.0,1.0,7.5,1.0,2.0,0.0,2.0,1.0,523.0,0.0,2.0, [ - ]  [+: 0.0]  [-: 1.00850626161e-15] 
1.0,42.5,4.915,2.0,2.0,1.0,1.0,3.165,1.0,2.0,0.0,2.0,1.0,52.0,1442.0,1.0, [ - ]  [WRONG] [+: 7.43496166246e-17]  [-: 0.0] 
1.0,23.08,11.5,1.0,1.0,10.0,1.0,3.5,1.0,1.0,9.0,1.0,1.0,56.0,742.0,1.0, [ + ]  [+: 2.09947178348e-16]  [-: 0.0] 
1.0,27.67,0.75,1.0,1.0,2.0,2.0,0.165,2.0,2.0,0.0,2.0,1.0,220.0,251.0,2.0, [ - ]  [+: 0.0]  [-: 2.5446044853e-13] 
1.0,49.17,2.29,1.0,1.0,13.0,4.0,0.29,2.0,2.0,0.0,1.0,1.0,200.0,3.0,2.0, [ - ]  [+: 0.0]  [-: 3.59208425083e-13] 
1.0,28.25,5.04,2.0,2.0,7.0,3.0,1.5,1.0,1.0,8.0,2.0,1.0,144.0,7.0,1.0, [ + ]  [+: 2.72367991144e-16]  [-: 0.0] 
1.0,42.83,4.625,1.0,1.0,2.0,1.0,4.58,1.0,2.0,0.0,1.0,2.0,0.0,0.0,1.0, [ - ]  [WRONG] [+: 1.14776322073e-16]  [-: 0.0] 
1.0,18.5,2.0,1.0,1.0,10.0,1.0,1.5,1.0,1.0,2.0,1.0,1.0,120.0,300.0,1.0, [ - ]  [WRONG] [+: 2.20468243633e-16]  [-: 0.0] 
1.0,45.17,1.5,1.0,1.0,7.0,1.0,2.5,1.0,2.0,0.0,2.0,1.0,140.0,0.0,2.0, [ - ]  [+: 0.0]  [-: 6.17153980483e-14] 
1.0,20.5,10.0,2.0,2.0,7.0,1.0,2.5,1.0,2.0,0.0,1.0,2.0,40.0,0.0,1.0, [ - ]  [WRONG] [+: 1.63398237891e-17]  [-: 0.0] 
1.0,44.25,0.5,1.0,1.0,3.0,1.0,10.75,1.0,2.0,0.0,1.0,2.0,400.0,0.0,2.0, [ - ]  [+: 0.0]  [-: 5.96548161864e-18] 
1.0,40.58,3.29,1.0,1.0,3.0,1.0,3.5,2.0,2.0,0.0,2.0,2.0,400.0,0.0,2.0, [ - ]  [+: 0.0]  [-: 3.27923058776e-13] 
1.0,25.92,0.875,1.0,1.0,6.0,1.0,0.375,2.0,1.0,2.0,2.0,1.0,174.0,3.0,2.0, [ - ]  [+: 0.0]  [-: 2.8298264879e-13] 
1.0,29.25,13.0,1.0,1.0,8.0,2.0,0.5,2.0,2.0,0.0,1.0,1.0,228.0,0.0,2.0, [ - ]  [+: 0.0]  [-: 5.65425254959e-14] 
1.0,16.0,3.125,1.0,1.0,1.0,1.0,0.085,2.0,1.0,1.0,1.0,1.0,0.0,6.0,2.0, [ - ]  [+: 0.0]  [-: 7.54789903218e-14] 
1.0,27.25,1.665,1.0,1.0,5.0,2.0,5.085,1.0,1.0,9.0,1.0,1.0,399.0,827.0,1.0, [ + ]  [+: 5.84586608704e-16]  [-: 0.0] 
1.0,22.5,0.125,2.0,2.0,6.0,1.0,0.125,2.0,2.0,0.0,1.0,1.0,200.0,70.0,2.0, [ - ]  [+: 0.0]  [-: 1.43069095813e-12] 
1.0,57.83,7.04,1.0,1.0,3.0,1.0,14.0,1.0,1.0,6.0,2.0,1.0,360.0,1332.0,1.0, [ + ]  [+: 3.10543459082e-18]  [-: 0.0] 
1.0,23.08,2.5,1.0,1.0,13.0,4.0,0.085,2.0,2.0,0.0,2.0,1.0,100.0,4208.0,2.0, [ + ]  [WRONG] [+: 0.0]  [-: 1.568260632e-20] 
1.0,42.75,3.0,1.0,1.0,10.0,3.0,1.0,1.0,2.0,0.0,1.0,1.0,0.0,200.0,2.0, [ - ]  [+: 0.0]  [-: 8.65485242943e-14] 
1.0,16.25,0.0,2.0,2.0,12.0,1.0,0.25,2.0,2.0,0.0,1.0,1.0,60.0,0.0,2.0, [ - ]  [+: 0.0]  [-: 4.77868663858e-13] 
1.0,37.75,7.0,1.0,1.0,2.0,2.0,11.5,1.0,1.0,7.0,2.0,1.0,300.0,5.0,2.0, [ + ]  [WRONG] [+: 0.0]  [-: 9.51718790531e-22] 
2.0,27.33,1.665,1.0,1.0,13.0,4.0,0.0,2.0,2.0,0.0,1.0,1.0,340.0,1.0,2.0, [ - ]  [+: 0.0]  [-: 1.05914746777e-12] 
1.0,32.83,2.5,1.0,1.0,5.0,2.0,2.75,1.0,1.0,6.0,1.0,1.0,160.0,2072.0,1.0, [ + ]  [+: 2.65868070553e-15]  [-: 0.0] 
1.0,32.42,3.0,1.0,1.0,8.0,1.0,0.165,2.0,2.0,0.0,2.0,1.0,120.0,0.0,2.0, [ - ]  [+: 0.0]  [-: 9.72662482175e-13] 
1.0,20.42,7.0,1.0,1.0,7.0,1.0,1.625,1.0,1.0,3.0,1.0,1.0,200.0,1391.0,1.0, [ - ]  [WRONG] [+: 6.50147404441e-16]  [-: 0.0] 
1.0,15.17,7.0,1.0,1.0,11.0,1.0,1.0,2.0,2.0,0.0,1.0,1.0,600.0,0.0,2.0, [ - ]  [+: 0.0]  [-: 2.45693724033e-14] 
1.0,23.42,1.0,1.0,1.0,7.0,1.0,0.5,2.0,2.0,0.0,2.0,2.0,280.0,0.0,2.0, [ - ]  [+: 0.0]  [-: 8.40327207344e-13] 
2.0,21.75,11.75,1.0,1.0,7.0,1.0,0.25,2.0,2.0,0.0,2.0,1.0,180.0,0.0,2.0, [ - ]  [+: 0.0]  [-: 9.07014829524e-14] 
1.0,40.58,5.0,1.0,1.0,7.0,1.0,5.0,1.0,1.0,7.0,1.0,1.0,0.0,3065.0,1.0, [ + ]  [+: 5.53573327163e-16]  [-: 0.0] 
2.0,28.58,3.75,1.0,1.0,7.0,1.0,0.25,2.0,1.0,1.0,2.0,1.0,40.0,154.0,2.0, [ - ]  [+: 0.0]  [-: 2.36633476522e-13] 
1.0,22.92,3.165,2.0,2.0,7.0,1.0,0.165,2.0,2.0,0.0,1.0,1.0,160.0,1058.0,2.0, [ - ]  [+: 0.0]  [-: 6.89768461406e-13] 
2.0,17.58,9.0,1.0,1.0,12.0,1.0,1.375,1.0,2.0,0.0,2.0,1.0,0.0,0.0,1.0, [ - ]  [WRONG] [+: 7.80999669839e-17]  [-: 0.0] 
1.0,29.58,4.5,1.0,1.0,1.0,1.0,7.5,1.0,1.0,2.0,2.0,1.0,330.0,0.0,1.0, [ - ]  [WRONG] [+: 4.86419526369e-16]  [-: 0.0] 
2.0,21.08,5.0,2.0,2.0,13.0,4.0,0.0,2.0,2.0,0.0,1.0,1.0,0.0,0.0,2.0, [ - ]  [+: 0.0]  [-: 1.27357817854e-12] 
2.0,30.67,12.0,1.0,1.0,7.0,1.0,2.0,1.0,1.0,1.0,1.0,1.0,220.0,19.0,1.0, [ - ]  [WRONG] [+: 6.28367033065e-16]  [-: 0.0] 
1.0,34.0,5.085,2.0,2.0,10.0,3.0,1.085,2.0,2.0,0.0,2.0,1.0,480.0,0.0,2.0, [ - ]  [+: 0.0]  [-: 7.92129473456e-13] 
2.0,17.33,9.5,1.0,1.0,12.0,1.0,1.75,2.0,1.0,10.0,2.0,1.0,0.0,10.0,2.0, [ + ]  [WRONG] [+: 0.0]  [-: 1.27044223072e-19] 
1.0,24.33,6.625,2.0,2.0,8.0,1.0,5.5,1.0,2.0,0.0,2.0,2.0,100.0,0.0,1.0, [ - ]  [WRONG] [+: 2.18209562788e-17]  [-: 0.0] 
2.0,56.5,16.0,1.0,1.0,14.0,4.0,0.0,1.0,1.0,15.0,1.0,1.0,0.0,247.0,1.0, [ + ]  [+: 2.84556556444e-18]  [-: 0.0] 
1.0,23.33,11.625,2.0,2.0,1.0,1.0,0.835,1.0,2.0,0.0,2.0,1.0,160.0,300.0,1.0, [ - ]  [WRONG] [+: 4.44813522078e-17]  [-: 0.0] 
2.0,32.33,0.54,1.0,1.0,5.0,1.0,0.04,1.0,2.0,0.0,1.0,1.0,440.0,11177.0,1.0, [ + ]  [+: 3.56946567448e-17]  [-: 0.0] 
2.0,28.75,3.75,1.0,1.0,7.0,1.0,1.085,1.0,1.0,1.0,2.0,1.0,371.0,0.0,1.0, [ - ]  [WRONG] [+: 4.37967038802e-16]  [-: 0.0] 
2.0,23.0,11.75,1.0,1.0,9.0,2.0,0.5,1.0,1.0,2.0,2.0,1.0,300.0,551.0,1.0, [ + ]  [+: 1.16999931425e-15]  [-: 0.0] 
1.0,23.25,1.0,1.0,1.0,7.0,1.0,0.835,1.0,2.0,0.0,1.0,2.0,300.0,0.0,1.0, [ - ]  [WRONG] [+: 4.94659121183e-17]  [-: 0.0] 
1.0,34.0,4.5,1.0,1.0,12.0,1.0,1.0,1.0,2.0,0.0,2.0,1.0,240.0,0.0,2.0, [ - ]  [+: 0.0]  [-: 2.34343549863e-13] 
2.0,21.75,1.75,2.0,2.0,14.0,5.0,0.0,2.0,2.0,0.0,1.0,1.0,160.0,0.0,2.0, [ - ]  [+: 0.0]  [-: 1.34410811757e-12] 
2.0,19.58,0.665,2.0,2.0,7.0,1.0,1.0,2.0,1.0,1.0,1.0,1.0,2000.0,2.0,2.0, [ - ]  [+: 0.0]  [-: 1.88949268366e-33] 
1.0,32.67,9.0,2.0,2.0,1.0,2.0,5.25,1.0,2.0,0.0,2.0,1.0,154.0,0.0,1.0, [ - ]  [WRONG] [+: 1.54397349963e-16]  [-: 0.0] 
1.0,30.08,1.04,2.0,2.0,10.0,3.0,0.5,1.0,1.0,10.0,2.0,1.0,132.0,28.0,2.0, [ + ]  [WRONG] [+: 0.0]  [-: 5.91665166113e-19] 
1.0,21.08,10.085,2.0,2.0,11.0,2.0,1.25,2.0,2.0,0.0,1.0,1.0,260.0,0.0,2.0, [ - ]  [+: 0.0]  [-: 2.23089837134e-13] 
1.0,22.33,11.0,1.0,1.0,1.0,1.0,2.0,1.0,1.0,1.0,1.0,1.0,80.0,278.0,1.0, [ - ]  [WRONG] [+: 4.90670955036e-16]  [-: 0.0] 
1.0,33.67,1.25,1.0,1.0,1.0,1.0,1.165,2.0,2.0,0.0,1.0,1.0,120.0,0.0,2.0, [ - ]  [+: 0.0]  [-: 6.65707336269e-13] 
1.0,34.58,0.0,1.0,1.0,7.0,1.0,0.0,2.0,2.0,0.0,1.0,3.0,184.014771049,0.0,2.0, [ - ]  [+: 0.0]  [-: 4.02903761685e-13] 
2.0,25.0,11.0,2.0,2.0,12.0,1.0,4.5,1.0,2.0,0.0,1.0,1.0,120.0,0.0,2.0, [ - ]  [+: 0.0]  [-: 2.99409292755e-14] 
1.0,18.83,0.415,2.0,2.0,7.0,1.0,0.165,2.0,1.0,1.0,1.0,1.0,200.0,1.0,2.0, [ - ]  [+: 0.0]  [-: 3.41834243819e-13] 
1.0,43.25,3.0,1.0,1.0,2.0,2.0,6.0,1.0,1.0,11.0,1.0,1.0,80.0,0.0,1.0, [ + ]  [+: 8.84891571018e-16]  [-: 0.0] 
1.0,22.25,9.0,1.0,1.0,12.0,1.0,0.085,2.0,2.0,0.0,1.0,1.0,0.0,0.0,2.0, [ - ]  [+: 0.0]  [-: 1.85774900117e-13] 
1.0,44.25,11.0,2.0,2.0,8.0,1.0,1.5,1.0,2.0,0.0,1.0,2.0,0.0,0.0,2.0, [ - ]  [+: 0.0]  [-: 4.34261789389e-14] 
1.0,24.08,9.0,1.0,1.0,12.0,1.0,0.25,2.0,2.0,0.0,2.0,1.0,0.0,0.0,2.0, [ - ]  [+: 0.0]  [-: 2.068828911e-13] 
1.0,62.75,7.0,1.0,1.0,11.0,6.0,0.0,2.0,2.0,0.0,1.0,1.0,0.0,12.0,2.0, [ - ]  [+: 0.0]  [-: 1.74100510715e-15] 
1.0,35.17,4.5,1.0,1.0,9.0,2.0,5.75,2.0,2.0,0.0,2.0,2.0,711.0,0.0,1.0, [ - ]  [WRONG] [+: 1.61817821833e-19]  [-: 0.0] 
2.0,45.83,10.5,1.0,1.0,2.0,1.0,5.0,1.0,1.0,7.0,2.0,1.0,0.0,0.0,1.0, [ + ]  [+: 5.51259852184e-16]  [-: 0.0] 
1.0,32.42,2.165,2.0,2.0,6.0,4.0,0.0,2.0,2.0,0.0,1.0,1.0,120.0,0.0,2.0, [ - ]  [+: 0.0]  [-: 2.85444913214e-12] 
2.0,40.33,7.54,2.0,2.0,2.0,2.0,8.0,1.0,1.0,14.0,1.0,1.0,0.0,2300.0,1.0, [ + ]  [+: 9.63381845932e-17]  [-: 0.0] 
2.0,46.67,0.46,1.0,1.0,5.0,2.0,0.415,1.0,1.0,11.0,2.0,1.0,440.0,6.0,1.0, [ + ]  [+: 1.67575880721e-16]  [-: 0.0] 
1.0,76.75,22.29,1.0,1.0,11.0,6.0,12.75,1.0,1.0,1.0,2.0,1.0,0.0,109.0,1.0, [ + ]  [+: 4.46117597099e-21]  [-: 0.0] 
1.0,37.5,1.125,2.0,2.0,8.0,1.0,1.5,2.0,2.0,0.0,2.0,1.0,431.0,0.0,1.0, [ - ]  [WRONG] [+: 8.66025419177e-19]  [-: 0.0] 
1.0,25.75,0.5,1.0,1.0,7.0,1.0,1.46,1.0,1.0,5.0,2.0,1.0,312.0,0.0,1.0, [ - ]  [WRONG] [+: 3.97656009506e-16]  [-: 0.0] 
1.0,33.17,1.0,1.0,1.0,9.0,1.0,0.75,1.0,1.0,7.0,2.0,1.0,340.0,4071.0,1.0, [ + ]  [+: 7.94342038722e-16]  [-: 0.0] 
1.0,27.0,0.75,1.0,1.0,7.0,2.0,4.25,1.0,1.0,3.0,2.0,1.0,312.0,150.0,1.0, [ - ]  [WRONG] [+: 7.6703036265e-16]  [-: 0.0] 
1.0,22.58,1.5,2.0,2.0,12.0,1.0,0.54,2.0,2.0,0.0,2.0,1.0,120.0,67.0,2.0, [ - ]  [+: 0.0]  [-: 1.41297444767e-12] 
2.0,27.42,14.5,1.0,1.0,9.0,2.0,3.085,1.0,1.0,1.0,1.0,1.0,120.0,11.0,1.0, [ + ]  [+: 1.18937964542e-15]  [-: 0.0] 
1.0,22.67,10.5,1.0,1.0,2.0,2.0,1.335,1.0,2.0,0.0,1.0,1.0,100.0,0.0,1.0, [ - ]  [WRONG] [+: 3.59915593368e-16]  [-: 0.0] 
2.0,44.17,6.665,1.0,1.0,2.0,1.0,7.375,1.0,1.0,3.0,2.0,1.0,0.0,0.0,1.0, [ + ]  [+: 5.81943932108e-16]  [-: 0.0] 
1.0,37.58,0.0,1.0,1.0,7.0,1.0,0.0,2.0,2.0,0.0,1.0,3.0,184.014771049,0.0,1.0, [ - ]  [WRONG] [+: 1.32930293469e-17]  [-: 0.0] 
1.0,27.83,1.5,1.0,1.0,1.0,1.0,2.0,1.0,1.0,11.0,2.0,1.0,434.0,35.0,1.0, [ + ]  [+: 1.56605359065e-16]  [-: 0.0] 
2.0,64.08,0.165,1.0,1.0,13.0,4.0,0.0,1.0,1.0,1.0,1.0,1.0,232.0,100.0,1.0, [ - ]  [WRONG] [+: 4.58453091679e-18]  [-: 0.0] 
2.0,33.75,0.75,1.0,1.0,6.0,3.0,1.0,1.0,1.0,3.0,2.0,1.0,212.0,0.0,2.0, [ - ]  [+: 0.0]  [-: 3.5696001946e-14] 
1.0,27.67,13.75,1.0,1.0,1.0,1.0,5.75,1.0,2.0,0.0,2.0,1.0,487.0,500.0,1.0, [ - ]  [WRONG] [+: 1.9825426929e-17]  [-: 0.0] 
1.0,21.58,0.79,2.0,2.0,5.0,1.0,0.665,2.0,2.0,0.0,1.0,1.0,160.0,0.0,2.0, [ - ]  [+: 0.0]  [-: 6.61897482532e-13] 
2.0,28.5,1.0,1.0,1.0,2.0,1.0,1.0,1.0,1.0,2.0,2.0,1.0,167.0,500.0,2.0, [ - ]  [+: 0.0]  [-: 3.01575303746e-14] 
1.0,35.0,3.375,1.0,1.0,7.0,2.0,8.29,2.0,2.0,0.0,2.0,1.0,0.0,0.0,2.0, [ - ]  [+: 0.0]  [-: 1.81399878069e-15] 
2.0,20.75,10.25,1.0,1.0,2.0,1.0,0.71,1.0,1.0,2.0,2.0,1.0,49.0,0.0,1.0, [ - ]  [WRONG] [+: 6.06707280331e-16]  [-: 0.0] 
1.0,22.67,0.75,1.0,1.0,10.0,1.0,1.585,2.0,1.0,1.0,2.0,1.0,400.0,9.0,2.0, [ - ]  [+: 0.0]  [-: 1.89588303298e-13] 
2.0,45.0,4.585,1.0,1.0,6.0,2.0,1.0,2.0,2.0,0.0,2.0,2.0,240.0,0.0,2.0, [ - ]  [+: 0.0]  [-: 3.58255536281e-13] 
1.0,69.17,9.0,1.0,1.0,13.0,4.0,4.0,2.0,1.0,1.0,1.0,1.0,70.0,6.0,2.0, [ - ]  [+: 0.0]  [-: 1.55354890944e-16] 
1.0,19.67,0.375,1.0,1.0,2.0,1.0,2.0,1.0,1.0,2.0,2.0,1.0,80.0,0.0,1.0, [ - ]  [WRONG] [+: 4.97252038044e-16]  [-: 0.0] 
1.0,36.17,5.5,1.0,1.0,10.0,3.0,5.0,2.0,2.0,0.0,1.0,1.0,210.0,687.0,2.0, [ - ]  [+: 0.0]  [-: 1.91798975121e-13] 
1.0,48.58,6.5,1.0,1.0,2.0,2.0,6.0,1.0,2.0,0.0,2.0,1.0,350.0,0.0,1.0, [ - ]  [WRONG] [+: 2.03477710142e-16]  [-: 0.0] 
1.0,40.92,0.5,2.0,2.0,3.0,1.0,0.5,2.0,2.0,0.0,2.0,1.0,130.0,0.0,2.0, [ - ]  [+: 0.0]  [-: 9.01678483711e-13] 
2.0,39.08,4.0,1.0,1.0,7.0,1.0,3.0,2.0,2.0,0.0,1.0,1.0,480.0,0.0,2.0, [ - ]  [+: 0.0]  [-: 1.61930522318e-13] 
1.0,33.17,3.04,2.0,2.0,7.0,2.0,2.04,1.0,1.0,1.0,2.0,1.0,180.0,18027.0,1.0, [ + ]  [+: 5.12789170553e-17]  [-: 0.0] 
1.0,39.0,5.0,1.0,1.0,5.0,1.0,3.5,1.0,1.0,10.0,2.0,1.0,0.0,0.0,1.0, [ + ]  [+: 8.13387950367e-16]  [-: 0.0] 
1.0,56.75,12.25,1.0,1.0,3.0,1.0,1.25,1.0,1.0,4.0,2.0,1.0,200.0,0.0,1.0, [ + ]  [+: 1.06122622213e-16]  [-: 0.0] 
1.0,26.75,1.125,1.0,1.0,9.0,2.0,1.25,1.0,2.0,0.0,1.0,1.0,0.0,5298.0,1.0, [ + ]  [+: 3.38330843666e-16]  [-: 0.0] 
2.0,18.83,9.54,1.0,1.0,12.0,1.0,0.085,1.0,2.0,0.0,1.0,1.0,100.0,0.0,1.0, [ - ]  [WRONG] [+: 9.96916790028e-17]  [-: 0.0] 
1.0,34.75,2.5,1.0,1.0,5.0,3.0,0.5,2.0,2.0,0.0,1.0,1.0,348.0,0.0,2.0, [ - ]  [+: 0.0]  [-: 3.34339179078e-13] 
2.0,50.08,12.54,1.0,1.0,12.0,1.0,2.29,1.0,1.0,3.0,2.0,1.0,156.0,0.0,1.0, [ - ]  [WRONG] [+: 2.85305104623e-16]  [-: 0.0] 
1.0,39.5,1.625,1.0,1.0,7.0,1.0,1.5,2.0,2.0,0.0,1.0,1.0,0.0,316.0,2.0, [ - ]  [+: 0.0]  [-: 3.5510433135e-13] 
1.0,39.17,2.5,2.0,2.0,10.0,2.0,10.0,2.0,2.0,0.0,2.0,2.0,200.0,0.0,2.0, [ - ]  [+: 0.0]  [-: 5.85747406114e-16] 
1.0,28.92,15.0,1.0,1.0,7.0,2.0,5.335,1.0,1.0,11.0,1.0,1.0,0.0,2283.0,1.0, [ + ]  [+: 1.83172061955e-16]  [-: 0.0] 
1.0,30.83,0.0,1.0,1.0,1.0,1.0,1.25,1.0,1.0,1.0,1.0,1.0,202.0,0.0,1.0, [ - ]  [WRONG] [+: 5.86839118288e-16]  [-: 0.0] 
2.0,40.33,8.125,2.0,2.0,6.0,1.0,0.165,2.0,1.0,2.0,1.0,1.0,184.014771049,18.0,2.0, [ - ]  [+: 0.0]  [-: 2.60167796833e-13] 
1.0,25.08,1.71,1.0,1.0,9.0,1.0,1.665,1.0,1.0,1.0,2.0,1.0,395.0,20.0,1.0, [ - ]  [WRONG] [+: 4.97149268382e-16]  [-: 0.0] 
2.0,57.08,19.5,1.0,1.0,7.0,1.0,5.5,1.0,1.0,7.0,1.0,1.0,0.0,3000.0,1.0, [ + ]  [+: 7.45332907553e-18]  [-: 0.0] 
1.0,25.25,1.0,1.0,1.0,12.0,1.0,0.5,2.0,2.0,0.0,1.0,1.0,200.0,0.0,2.0, [ - ]  [+: 0.0]  [-: 7.97299122208e-13] 
1.0,21.08,4.125,2.0,2.0,10.0,2.0,0.04,2.0,2.0,0.0,1.0,1.0,140.0,100.0,2.0, [ - ]  [+: 0.0]  [-: 1.03278369417e-12] 
1.0,55.92,11.5,1.0,1.0,13.0,4.0,5.0,1.0,1.0,5.0,1.0,1.0,0.0,8851.0,1.0, [ + ]  [+: 1.1261637181e-17]  [-: 0.0] 
1.0,42.17,5.04,1.0,1.0,2.0,2.0,12.75,1.0,2.0,0.0,2.0,1.0,92.0,0.0,1.0, [ + ]  [+: 4.49357085465e-17]  [-: 0.0] 
1.0,42.0,0.205,1.0,1.0,10.0,2.0,5.125,1.0,2.0,0.0,1.0,1.0,400.0,0.0,1.0, [ - ]  [WRONG] [+: 5.07372749684e-17]  [-: 0.0] 
1.0,23.58,1.79,1.0,1.0,7.0,1.0,0.54,2.0,2.0,0.0,2.0,1.0,136.0,1.0,2.0, [ - ]  [+: 0.0]  [-: 6.87110175603e-13] 
2.0,25.08,2.54,2.0,2.0,12.0,1.0,0.25,1.0,2.0,0.0,2.0,1.0,370.0,0.0,1.0, [ - ]  [WRONG] [+: 2.33096471583e-17]  [-: 0.0] 
2.0,36.75,5.125,1.0,1.0,11.0,1.0,5.0,1.0,2.0,0.0,2.0,1.0,0.0,4000.0,1.0, [ + ]  [+: 2.75346659479e-16]  [-: 0.0] 
2.0,20.67,1.835,1.0,1.0,2.0,1.0,2.085,1.0,1.0,5.0,1.0,1.0,220.0,2503.0,1.0, [ + ]  [+: 9.03699076904e-16]  [-: 0.0] 
1.0,37.5,0.835,1.0,1.0,11.0,1.0,0.04,2.0,2.0,0.0,1.0,1.0,120.0,5.0,2.0, [ - ]  [+: 0.0]  [-: 4.15806461355e-13] 
1.0,20.67,5.29,1.0,1.0,2.0,1.0,0.375,1.0,1.0,1.0,1.0,1.0,160.0,0.0,2.0, [ - ]  [+: 0.0]  [-: 3.55404221052e-14] 
1.0,26.75,2.0,1.0,1.0,8.0,1.0,0.75,2.0,2.0,0.0,2.0,1.0,80.0,0.0,2.0, [ - ]  [+: 0.0]  [-: 8.70420453208e-13] 
1.0,64.08,20.0,1.0,1.0,9.0,2.0,17.5,1.0,1.0,9.0,2.0,1.0,0.0,1000.0,1.0, [ + ]  [+: 1.33522175708e-20]  [-: 0.0] 
2.0,17.83,11.0,1.0,1.0,9.0,2.0,1.0,1.0,1.0,11.0,1.0,1.0,0.0,3000.0,1.0, [ + ]  [+: 4.94604493018e-16]  [-: 0.0] 
1.0,28.75,1.165,1.0,1.0,6.0,1.0,0.5,1.0,2.0,0.0,1.0,2.0,280.0,0.0,2.0, [ - ]  [+: 0.0]  [-: 3.33189889641e-13] 
1.0,34.75,15.0,1.0,1.0,4.0,9.0,5.375,1.0,1.0,9.0,2.0,1.0,0.0,134.0,1.0, [ + ]  [+: 3.11978299136e-16]  [-: 0.0] 
1.0,18.0,0.165,1.0,1.0,2.0,9.0,0.21,2.0,2.0,0.0,1.0,1.0,200.0,40.0,1.0, [ - ]  [WRONG] [+: 1.02038309376e-17]  [-: 0.0] 
2.0,28.5,3.04,2.0,2.0,9.0,2.0,2.54,1.0,1.0,1.0,1.0,1.0,70.0,0.0,1.0, [ - ]  [WRONG] [+: 7.66411247892e-16]  [-: 0.0] 
1.0,38.67,0.21,1.0,1.0,6.0,1.0,0.085,1.0,2.0,0.0,2.0,1.0,280.0,0.0,1.0, [ - ]  [WRONG] [+: 6.4021488052e-17]  [-: 0.0] 
2.0,20.67,3.0,1.0,1.0,2.0,1.0,0.165,1.0,1.0,3.0,1.0,1.0,100.0,6.0,1.0, [ - ]  [WRONG] [+: 7.27384887839e-16]  [-: 0.0] 
1.0,43.08,0.375,2.0,2.0,7.0,1.0,0.375,1.0,1.0,8.0,2.0,1.0,300.0,162.0,1.0, [ + ]  [+: 7.83517775385e-17]  [-: 0.0] 
2.0,28.58,1.665,1.0,1.0,2.0,1.0,2.415,1.0,2.0,0.0,2.0,1.0,440.0,0.0,2.0, [ - ]  [+: 0.0]  [-: 4.53065633745e-14] 
1.0,13.75,4.0,2.0,2.0,1.0,1.0,1.75,1.0,1.0,2.0,2.0,1.0,120.0,1000.0,1.0, [ - ]  [WRONG] [+: 9.99345212261e-17]  [-: 0.0] 
1.0,31.42,15.5,1.0,1.0,7.0,1.0,0.5,1.0,2.0,0.0,1.0,1.0,120.0,0.0,2.0, [ - ]  [+: 0.0]  [-: 3.50261981716e-15] 
1.0,29.83,2.04,2.0,2.0,9.0,2.0,0.04,2.0,2.0,0.0,1.0,1.0,128.0,1.0,2.0, [ - ]  [+: 0.0]  [-: 1.70009570301e-13] 
1.0,25.0,12.0,1.0,1.0,6.0,1.0,2.25,1.0,1.0,2.0,2.0,1.0,120.0,5.0,2.0, [ - ]  [+: 0.0]  [-: 9.64827906104e-15] 
1.0,20.17,9.25,1.0,1.0,7.0,1.0,1.665,1.0,1.0,3.0,2.0,1.0,40.0,28.0,1.0, [ - ]  [WRONG] [+: 4.25646006814e-16]  [-: 0.0] 
2.0,38.33,4.415,1.0,1.0,7.0,1.0,0.125,2.0,2.0,0.0,1.0,1.0,160.0,0.0,2.0, [ - ]  [+: 0.0]  [-: 5.95561115199e-13] 
1.0,19.67,10.0,2.0,2.0,6.0,2.0,0.835,1.0,2.0,0.0,2.0,1.0,140.0,0.0,2.0, [ - ]  [+: 0.0]  [-: 7.2116405707e-14] 
1.0,20.0,1.25,2.0,2.0,6.0,1.0,0.125,2.0,2.0,0.0,1.0,1.0,140.0,4.0,2.0, [ - ]  [+: 0.0]  [-: 1.33334681634e-12] 
1.0,31.67,16.165,1.0,1.0,8.0,1.0,3.0,1.0,1.0,9.0,1.0,1.0,250.0,730.0,1.0, [ + ]  [+: 1.22288120709e-16]  [-: 0.0] 
1.0,22.08,0.83,1.0,1.0,7.0,2.0,2.165,2.0,2.0,0.0,2.0,1.0,128.0,0.0,1.0, [ - ]  [WRONG] [+: 1.84639886696e-17]  [-: 0.0] 
1.0,32.08,4.0,1.0,1.0,3.0,1.0,2.5,1.0,2.0,0.0,2.0,1.0,360.0,0.0,1.0, [ - ]  [WRONG] [+: 1.48939127057e-16]  [-: 0.0] 
1.0,17.08,0.25,1.0,1.0,2.0,1.0,0.335,2.0,1.0,4.0,1.0,1.0,160.0,8.0,2.0, [ - ]  [+: 0.0]  [-: 1.55349122717e-14] 
1.0,34.67,1.08,1.0,1.0,3.0,1.0,1.165,2.0,2.0,0.0,1.0,2.0,28.0,0.0,2.0, [ - ]  [+: 0.0]  [-: 7.83973644087e-13] 
2.0,24.5,2.415,2.0,2.0,7.0,1.0,0.0,2.0,2.0,0.0,1.0,1.0,120.0,0.0,2.0, [ - ]  [+: 0.0]  [-: 1.3107406953e-12] 
1.0,23.0,0.75,1.0,1.0,3.0,1.0,0.5,2.0,2.0,0.0,2.0,2.0,320.0,0.0,2.0, [ - ]  [+: 0.0]  [-: 7.61644778194e-13] 
2.0,19.75,0.75,1.0,1.0,7.0,1.0,0.795,1.0,1.0,5.0,2.0,1.0,140.0,5.0,2.0, [ - ]  [+: 0.0]  [-: 2.53571823999e-15] 
1.0,31.92,4.46,1.0,1.0,5.0,2.0,6.04,1.0,1.0,3.0,1.0,1.0,311.0,300.0,1.0, [ + ]  [+: 1.70258778105e-15]  [-: 0.0] 
1.0,36.17,18.125,1.0,1.0,1.0,1.0,0.085,2.0,2.0,0.0,1.0,1.0,320.0,3552.0,2.0, [ + ]  [WRONG] [+: 0.0]  [-: 3.67436584317e-21] 
1.0,21.33,10.5,1.0,1.0,7.0,1.0,3.0,1.0,2.0,0.0,2.0,1.0,0.0,0.0,1.0, [ - ]  [WRONG] [+: 1.01088799066e-16]  [-: 0.0] 
1.0,19.5,0.29,1.0,1.0,6.0,1.0,0.29,2.0,2.0,0.0,1.0,1.0,280.0,364.0,2.0, [ - ]  [+: 0.0]  [-: 5.12804235332e-13] 
1.0,48.17,7.625,1.0,1.0,1.0,2.0,15.5,1.0,1.0,12.0,1.0,1.0,0.0,790.0,1.0, [ + ]  [+: 4.4238723299e-18]  [-: 0.0] 
1.0,21.17,0.875,2.0,2.0,7.0,2.0,0.25,2.0,2.0,0.0,1.0,1.0,280.0,204.0,2.0, [ - ]  [+: 0.0]  [-: 6.47179391027e-13] 
1.0,27.83,1.0,2.0,2.0,8.0,2.0,3.0,2.0,2.0,0.0,1.0,1.0,176.0,537.0,2.0, [ - ]  [+: 0.0]  [-: 8.61472065963e-13] 
2.0,23.58,11.5,2.0,2.0,6.0,2.0,3.0,2.0,2.0,0.0,2.0,1.0,20.0,16.0,2.0, [ - ]  [+: 0.0]  [-: 9.65012637017e-14] 
1.0,21.83,11.0,1.0,1.0,9.0,1.0,0.29,1.0,1.0,6.0,1.0,1.0,121.0,0.0,1.0, [ + ]  [+: 8.31561854365e-16]  [-: 0.0] 
1.0,48.08,6.04,1.0,1.0,6.0,1.0,0.04,2.0,2.0,0.0,1.0,1.0,0.0,2690.0,1.0, [ - ]  [WRONG] [+: 3.59599338819e-18]  [-: 0.0] 
1.0,19.42,1.5,2.0,2.0,5.0,1.0,2.0,1.0,2.0,0.0,2.0,1.0,100.0,20.0,2.0, [ - ]  [+: 0.0]  [-: 1.21826790381e-13] 
1.0,30.58,2.71,2.0,2.0,3.0,1.0,0.125,2.0,2.0,0.0,2.0,2.0,80.0,0.0,2.0, [ - ]  [+: 0.0]  [-: 2.28817713313e-12] 
1.0,22.5,11.5,2.0,2.0,3.0,1.0,1.5,2.0,2.0,0.0,2.0,1.0,0.0,4000.0,2.0, [ + ]  [WRONG] [+: 0.0]  [-: 1.40506023371e-20] 
2.0,20.33,10.0,1.0,1.0,7.0,2.0,1.0,1.0,1.0,4.0,1.0,1.0,50.0,1465.0,1.0, [ + ]  [+: 7.04883917469e-16]  [-: 0.0] 
1.0,19.42,7.25,1.0,1.0,3.0,1.0,0.04,2.0,1.0,1.0,1.0,1.0,100.0,1.0,2.0, [ - ]  [+: 0.0]  [-: 1.46304492992e-13] 
1.0,23.75,12.0,1.0,1.0,7.0,1.0,2.085,2.0,2.0,0.0,1.0,2.0,80.0,0.0,2.0, [ - ]  [+: 0.0]  [-: 1.26175384329e-13] 
1.0,17.58,10.0,1.0,1.0,1.0,2.0,0.165,2.0,1.0,1.0,1.0,1.0,120.0,1.0,2.0, [ - ]  [+: 0.0]  [-: 2.80603652031e-14] 
1.0,16.25,0.835,1.0,1.0,3.0,1.0,0.085,1.0,2.0,0.0,1.0,2.0,200.0,0.0,2.0, [ - ]  [+: 0.0]  [-: 1.14804884257e-13] 
1.0,37.33,6.5,1.0,1.0,3.0,2.0,4.25,1.0,1.0,12.0,2.0,1.0,93.0,0.0,1.0, [ + ]  [+: 8.56948918722e-16]  [-: 0.0] 
1.0,22.17,12.125,1.0,1.0,7.0,1.0,3.335,2.0,1.0,2.0,2.0,1.0,180.0,173.0,2.0, [ - ]  [+: 0.0]  [-: 2.02057676994e-14] 
1.0,27.25,0.625,1.0,1.0,12.0,1.0,0.455,1.0,2.0,0.0,2.0,1.0,200.0,0.0,2.0, [ - ]  [+: 0.0]  [-: 1.79500422256e-13] 
1.0,24.17,0.875,1.0,1.0,2.0,1.0,4.625,1.0,1.0,2.0,2.0,1.0,520.0,2000.0,1.0, [ + ]  [+: 8.91967180005e-17]  [-: 0.0] 
1.0,20.5,2.415,1.0,1.0,7.0,1.0,2.0,1.0,1.0,11.0,2.0,1.0,200.0,3000.0,1.0, [ + ]  [+: 3.68827008878e-16]  [-: 0.0] 
2.0,22.92,11.585,1.0,1.0,5.0,1.0,0.04,1.0,2.0,0.0,1.0,1.0,80.0,1349.0,1.0, [ - ]  [WRONG] [+: 1.79841772631e-16]  [-: 0.0] 
1.0,26.17,12.5,2.0,2.0,6.0,2.0,1.25,2.0,2.0,0.0,2.0,1.0,0.0,17.0,2.0, [ - ]  [+: 0.0]  [-: 8.999419744e-14] 
2.0,22.5,11.0,2.0,2.0,2.0,1.0,3.0,1.0,2.0,0.0,2.0,1.0,268.0,0.0,2.0, [ - ]  [+: 0.0]  [-: 3.1753725912e-14] 
2.0,33.25,3.0,2.0,2.0,12.0,1.0,2.0,2.0,2.0,0.0,1.0,1.0,180.0,0.0,2.0, [ - ]  [+: 0.0]  [-: 1.9607428782e-12] 
1.0,49.5,7.585,1.0,1.0,10.0,3.0,7.585,1.0,1.0,15.0,2.0,1.0,0.0,5000.0,1.0, [ + ]  [+: 3.51643133829e-17]  [-: 0.0] 
1.0,26.17,0.835,1.0,1.0,5.0,1.0,1.165,2.0,2.0,0.0,1.0,1.0,100.0,0.0,2.0, [ - ]  [+: 0.0]  [-: 3.6787800595e-13] 
2.0,41.17,6.5,1.0,1.0,2.0,1.0,0.5,1.0,1.0,3.0,2.0,1.0,145.0,0.0,1.0, [ - ]  [WRONG] [+: 1.45041528107e-15]  [-: 0.0] 
1.0,21.5,9.75,1.0,1.0,7.0,1.0,0.25,1.0,2.0,0.0,1.0,1.0,140.0,0.0,2.0, [ - ]  [+: 0.0]  [-: 5.325106809e-14] 
2.0,41.0,2.04,2.0,2.0,2.0,2.0,0.125,1.0,1.0,23.0,2.0,1.0,455.0,1236.0,1.0, [ + ]  [+: 2.27672369975e-18]  [-: 0.0] 
1.0,40.0,6.5,1.0,1.0,12.0,3.0,3.5,1.0,1.0,1.0,1.0,1.0,0.0,500.0,1.0, [ - ]  [WRONG] [+: 5.50890429971e-16]  [-: 0.0] 
1.0,45.0,8.5,1.0,1.0,5.0,2.0,14.0,1.0,1.0,1.0,2.0,1.0,88.0,2000.0,1.0, [ + ]  [+: 5.48969965888e-17]  [-: 0.0] 
2.0,31.5681710914,11.25,1.0,1.0,13.0,4.0,0.0,2.0,2.0,0.0,1.0,1.0,184.014771049,5200.0,2.0, [ + ]  [WRONG] [+: 0.0]  [-: 1.66844464173e-25] 
2.0,26.17,2.0,1.0,1.0,14.0,5.0,0.0,2.0,2.0,0.0,2.0,1.0,276.0,1.0,2.0, [ - ]  [+: 0.0]  [-: 7.51360358078e-13] 
1.0,21.25,1.5,1.0,1.0,1.0,1.0,1.5,2.0,2.0,0.0,1.0,1.0,150.0,8.0,1.0, [ - ]  [WRONG] [+: 1.28437434201e-17]  [-: 0.0] 
1.0,23.33,1.5,1.0,1.0,7.0,2.0,1.415,1.0,2.0,0.0,1.0,1.0,422.0,200.0,1.0, [ - ]  [WRONG] [+: 7.80541579821e-17]  [-: 0.0] 
1.0,18.17,2.46,1.0,1.0,7.0,9.0,0.96,2.0,1.0,2.0,2.0,1.0,160.0,587.0,2.0, [ - ]  [+: 0.0]  [-: 1.15973736196e-13] 
1.0,80.25,5.5,1.0,1.0,7.0,1.0,0.54,1.0,2.0,0.0,1.0,1.0,0.0,340.0,2.0, [ - ]  [+: 0.0]  [-: 1.76436275251e-18] 
2.0,24.83,4.5,1.0,1.0,1.0,1.0,1.0,2.0,2.0,0.0,2.0,1.0,360.0,6.0,2.0, [ - ]  [+: 0.0]  [-: 4.90579134508e-13] 
1.0,25.5,0.375,1.0,1.0,3.0,1.0,0.25,1.0,1.0,3.0,1.0,1.0,260.0,15108.0,1.0, [ + ]  [+: 8.14046096955e-17]  [-: 0.0] 
2.0,24.33,2.5,2.0,2.0,10.0,3.0,4.5,2.0,2.0,0.0,1.0,1.0,200.0,456.0,2.0, [ - ]  [+: 0.0]  [-: 6.95126968408e-13] 
2.0,21.92,11.665,1.0,1.0,6.0,2.0,0.085,2.0,2.0,0.0,1.0,1.0,320.0,5.0,2.0, [ - ]  [+: 0.0]  [-: 6.14345485716e-14] 
1.0,22.17,0.585,2.0,2.0,13.0,4.0,0.0,2.0,2.0,0.0,1.0,1.0,100.0,0.0,2.0, [ - ]  [+: 0.0]  [-: 1.88207493044e-12] 
1.0,27.25,1.585,1.0,1.0,5.0,2.0,1.835,1.0,1.0,12.0,2.0,1.0,583.0,713.0,1.0, [ + ]  [+: 4.42249878254e-17]  [-: 0.0] 
1.0,26.75,4.5,2.0,2.0,7.0,3.0,2.5,2.0,2.0,0.0,1.0,1.0,200.0,1210.0,2.0, [ - ]  [+: 0.0]  [-: 5.59809745077e-13] 
1.0,29.5,2.0,2.0,2.0,11.0,2.0,2.0,2.0,2.0,0.0,1.0,1.0,256.0,17.0,2.0, [ - ]  [+: 0.0]  [-: 9.25649671997e-13] 
2.0,24.92,1.25,1.0,1.0,13.0,4.0,0.0,1.0,2.0,0.0,1.0,1.0,80.0,0.0,2.0, [ - ]  [+: 0.0]  [-: 2.29572700853e-13] 
1.0,48.08,3.75,1.0,1.0,10.0,3.0,1.0,2.0,2.0,0.0,1.0,1.0,100.0,2.0,2.0, [ - ]  [+: 0.0]  [-: 2.704483736e-13] 
1.0,33.58,0.25,1.0,1.0,10.0,3.0,4.0,2.0,2.0,0.0,2.0,2.0,420.0,0.0,2.0, [ - ]  [+: 0.0]  [-: 2.83395958268e-13] 
1.0,23.17,0.0,1.0,1.0,5.0,1.0,0.085,1.0,2.0,0.0,1.0,1.0,0.0,0.0,1.0, [ - ]  [WRONG] [+: 9.43405736116e-17]  [-: 0.0] 
1.0,21.5,11.5,1.0,1.0,10.0,1.0,0.5,1.0,2.0,0.0,2.0,1.0,100.0,68.0,2.0, [ - ]  [+: 0.0]  [-: 3.19030685226e-14] 
1.0,25.42,0.54,1.0,1.0,1.0,1.0,0.165,2.0,1.0,1.0,1.0,1.0,272.0,444.0,2.0, [ - ]  [+: 0.0]  [-: 2.03194264622e-13] 
1.0,39.17,1.625,1.0,1.0,7.0,1.0,1.5,1.0,1.0,10.0,1.0,1.0,186.0,4700.0,1.0, [ + ]  [+: 5.1031134157e-16]  [-: 0.0] 
1.0,37.33,2.665,1.0,1.0,5.0,1.0,0.165,2.0,2.0,0.0,2.0,1.0,0.0,501.0,2.0, [ - ]  [+: 0.0]  [-: 1.92968631956e-13] 
1.0,39.83,0.5,1.0,1.0,3.0,1.0,0.25,1.0,2.0,0.0,1.0,2.0,288.0,0.0,2.0, [ - ]  [+: 0.0]  [-: 1.51245317443e-13] 
1.0,54.33,6.75,1.0,1.0,7.0,2.0,2.625,1.0,1.0,11.0,2.0,1.0,0.0,284.0,1.0, [ + ]  [+: 2.08914366589e-16]  [-: 0.0] 
1.0,48.58,0.205,2.0,2.0,6.0,1.0,0.25,1.0,1.0,11.0,1.0,1.0,380.0,2732.0,1.0, [ + ]  [+: 1.17120841204e-17]  [-: 0.0] 
1.0,37.5,1.75,2.0,2.0,7.0,3.0,0.25,1.0,2.0,0.0,2.0,1.0,164.0,400.0,2.0, [ - ]  [+: 0.0]  [-: 2.97597127789e-13] 
1.0,34.17,5.25,1.0,1.0,1.0,1.0,0.085,2.0,2.0,0.0,2.0,1.0,290.0,6.0,1.0, [ - ]  [WRONG] [+: 1.83400096904e-17]  [-: 0.0] 
1.0,24.5,12.75,1.0,1.0,7.0,3.0,4.75,1.0,1.0,2.0,1.0,1.0,73.0,444.0,1.0, [ - ]  [WRONG] [+: 3.90036795016e-16]  [-: 0.0] 
2.0,37.75,5.5,1.0,1.0,2.0,1.0,0.125,1.0,2.0,0.0,2.0,1.0,228.0,0.0,1.0, [ - ]  [WRONG] [+: 4.13596459119e-16]  [-: 0.0] 
1.0,23.92,0.585,2.0,2.0,5.0,2.0,0.125,2.0,2.0,0.0,1.0,1.0,240.0,1.0,2.0, [ - ]  [+: 0.0]  [-: 3.99295211272e-13] 
1.0,32.33,3.5,1.0,1.0,6.0,1.0,0.5,2.0,2.0,0.0,2.0,1.0,232.0,0.0,2.0, [ - ]  [+: 0.0]  [-: 1.22781287156e-12] 
1.0,57.42,8.5,1.0,1.0,11.0,2.0,7.0,1.0,1.0,3.0,1.0,1.0,0.0,0.0,1.0, [ + ]  [+: 1.58488129208e-16]  [-: 0.0] 
1.0,31.0,2.085,1.0,1.0,7.0,1.0,0.085,2.0,2.0,0.0,1.0,1.0,300.0,0.0,2.0, [ - ]  [+: 0.0]  [-: 7.47277624987e-13] 
2.0,35.17,3.75,1.0,1.0,13.0,4.0,0.0,2.0,1.0,6.0,1.0,1.0,0.0,200.0,2.0, [ - ]  [+: 0.0]  [-: 5.18859470993e-15] 
1.0,20.42,1.085,1.0,1.0,2.0,1.0,1.5,2.0,2.0,0.0,1.0,1.0,108.0,7.0,2.0, [ - ]  [+: 0.0]  [-: 3.13337384704e-13] 
1.0,23.92,1.5,1.0,1.0,8.0,2.0,1.875,1.0,1.0,6.0,1.0,1.0,200.0,327.0,1.0, [ - ]  [WRONG] [+: 6.71447283695e-16]  [-: 0.0] 
1.0,20.25,9.96,1.0,1.0,11.0,8.0,0.0,1.0,2.0,0.0,1.0,1.0,0.0,0.0,1.0, [ - ]  [WRONG] [+: 1.0481058263e-16]  [-: 0.0] 
1.0,30.75,1.585,1.0,1.0,8.0,1.0,0.585,2.0,2.0,0.0,2.0,2.0,0.0,0.0,2.0, [ - ]  [+: 0.0]  [-: 8.23301832402e-13] 
1.0,47.83,4.165,1.0,1.0,9.0,3.0,0.085,2.0,2.0,0.0,2.0,1.0,520.0,0.0,2.0, [ - ]  [+: 0.0]  [-: 8.40436448081e-15] 
1.0,44.33,0.5,1.0,1.0,10.0,2.0,5.0,1.0,2.0,0.0,2.0,1.0,320.0,0.0,1.0, [ - ]  [WRONG] [+: 8.86737970249e-17]  [-: 0.0] 
1.0,18.58,5.71,1.0,1.0,8.0,1.0,0.54,2.0,2.0,0.0,1.0,1.0,120.0,0.0,2.0, [ - ]  [+: 0.0]  [-: 5.68085511181e-13] 
1.0,34.25,3.0,1.0,1.0,5.0,2.0,7.415,1.0,2.0,0.0,2.0,1.0,0.0,0.0,1.0, [ - ]  [WRONG] [+: 3.01161121816e-16]  [-: 0.0] 
1.0,36.33,3.79,1.0,1.0,1.0,1.0,1.165,1.0,2.0,0.0,2.0,1.0,200.0,0.0,2.0, [ - ]  [+: 0.0]  [-: 1.77012193159e-13] 
2.0,24.5,1.75,2.0,2.0,7.0,1.0,0.165,2.0,2.0,0.0,1.0,1.0,132.0,0.0,2.0, [ - ]  [+: 0.0]  [-: 1.31545804621e-12] 
1.0,40.25,21.5,1.0,1.0,11.0,6.0,20.0,1.0,1.0,11.0,1.0,1.0,0.0,1200.0,1.0, [ + ]  [+: 3.89030201498e-21]  [-: 0.0] 
1.0,36.5,4.25,1.0,1.0,2.0,1.0,3.5,2.0,2.0,0.0,1.0,1.0,454.0,50.0,2.0, [ - ]  [+: 0.0]  [-: 1.31806390653e-13] 
2.0,26.58,2.54,2.0,2.0,13.0,4.0,0.0,2.0,2.0,0.0,2.0,1.0,180.0,60.0,2.0, [ - ]  [+: 0.0]  [-: 3.05956561036e-12] 
2.0,27.67,2.04,1.0,1.0,1.0,1.0,0.25,2.0,2.0,0.0,2.0,1.0,180.0,50.0,2.0, [ - ]  [+: 0.0]  [-: 6.57902982808e-13] 
1.0,23.25,4.0,1.0,1.0,7.0,3.0,0.25,1.0,2.0,0.0,2.0,1.0,160.0,0.0,1.0, [ - ]  [WRONG] [+: 1.96190442196e-16]  [-: 0.0] 
2.0,51.92,6.5,1.0,1.0,10.0,3.0,3.085,2.0,2.0,0.0,2.0,1.0,73.0,0.0,2.0, [ - ]  [+: 0.0]  [-: 6.15923473806e-14] 
1.0,34.08,2.5,1.0,1.0,7.0,1.0,1.0,2.0,2.0,0.0,1.0,1.0,460.0,16.0,2.0, [ - ]  [+: 0.0]  [-: 3.67415728347e-13] 
1.0,18.25,0.165,1.0,1.0,8.0,1.0,0.25,2.0,2.0,0.0,2.0,2.0,280.0,0.0,2.0, [ - ]  [+: 0.0]  [-: 5.56759368901e-13] 
1.0,27.67,2.0,1.0,1.0,9.0,2.0,1.0,1.0,1.0,4.0,1.0,1.0,140.0,7544.0,1.0, [ + ]  [+: 1.94029911674e-15]  [-: 0.0] 
2.0,28.17,0.375,1.0,1.0,2.0,1.0,0.585,1.0,1.0,4.0,1.0,1.0,80.0,0.0,1.0, [ - ]  [WRONG] [+: 7.98735565408e-16]  [-: 0.0] 
1.0,74.83,19.0,2.0,2.0,13.0,4.0,0.04,2.0,1.0,2.0,1.0,1.0,0.0,351.0,2.0, [ - ]  [+: 0.0]  [-: 9.35759021966e-20] 
1.0,34.92,2.5,1.0,1.0,1.0,1.0,0.0,1.0,2.0,0.0,2.0,1.0,239.0,200.0,1.0, [ - ]  [WRONG] [+: 2.27603935307e-16]  [-: 0.0] 
2.0,58.67,4.46,1.0,1.0,2.0,2.0,3.04,1.0,1.0,6.0,1.0,1.0,43.0,560.0,1.0, [ + ]  [+: 3.66223700164e-16]  [-: 0.0] 
2.0,18.25,10.0,1.0,1.0,1.0,1.0,1.0,2.0,1.0,1.0,1.0,1.0,120.0,1.0,2.0, [ - ]  [+: 0.0]  [-: 5.16889286737e-14] 
1.0,24.75,0.54,1.0,1.0,3.0,1.0,1.0,2.0,2.0,0.0,2.0,1.0,120.0,1.0,2.0, [ - ]  [+: 0.0]  [-: 6.64458090302e-13] 
1.0,51.33,10.0,1.0,1.0,10.0,3.0,0.0,1.0,1.0,11.0,1.0,1.0,0.0,1249.0,1.0, [ + ]  [+: 6.22249421425e-17]  [-: 0.0] 
2.0,20.83,0.5,2.0,2.0,11.0,8.0,1.0,2.0,2.0,0.0,1.0,1.0,260.0,0.0,2.0, [ - ]  [+: 0.0]  [-: 6.72427447971e-13] 
2.0,28.08,15.0,2.0,2.0,11.0,6.0,0.0,1.0,2.0,0.0,1.0,1.0,0.0,13212.0,1.0, [ + ]  [+: 8.13127622915e-18]  [-: 0.0] 
1.0,22.92,0.17,1.0,1.0,3.0,1.0,0.085,2.0,2.0,0.0,1.0,2.0,0.0,0.0,2.0, [ - ]  [+: 0.0]  [-: 4.35605847048e-13] 
2.0,24.5,1.04,2.0,2.0,13.0,4.0,0.5,1.0,1.0,3.0,1.0,1.0,180.0,147.0,2.0, [ - ]  [+: 0.0]  [-: 1.19599063754e-13] 
1.0,20.08,0.25,1.0,1.0,2.0,1.0,0.125,2.0,2.0,0.0,1.0,1.0,200.0,0.0,2.0, [ - ]  [+: 0.0]  [-: 2.60648421008e-13] 
1.0,22.83,3.0,1.0,1.0,3.0,1.0,1.29,1.0,1.0,1.0,1.0,1.0,260.0,800.0,1.0, [ - ]  [WRONG] [+: 4.39728218519e-16]  [-: 0.0] 
1.0,40.92,0.835,1.0,1.0,13.0,4.0,0.0,1.0,2.0,0.0,1.0,1.0,130.0,1.0,2.0, [ - ]  [+: 0.0]  [-: 1.82108842748e-13] 
1.0,43.0,0.29,2.0,2.0,5.0,2.0,1.75,1.0,1.0,8.0,1.0,1.0,100.0,375.0,1.0, [ + ]  [+: 3.0102760403e-16]  [-: 0.0] 
1.0,33.17,1.04,1.0,1.0,4.0,2.0,6.5,1.0,2.0,0.0,2.0,1.0,164.0,31285.0,1.0, [ + ]  [+: 4.08061738473e-19]  [-: 0.0] 
1.0,19.33,10.915,1.0,1.0,7.0,3.0,0.585,2.0,1.0,2.0,2.0,1.0,200.0,7.0,2.0, [ - ]  [+: 0.0]  [-: 3.84526575593e-14] 
1.0,23.5,2.75,1.0,1.0,13.0,4.0,4.5,2.0,2.0,0.0,1.0,1.0,160.0,25.0,2.0, [ - ]  [+: 0.0]  [-: 5.77239232272e-13] 
1.0,23.75,0.415,2.0,2.0,7.0,1.0,0.04,2.0,1.0,2.0,1.0,1.0,128.0,6.0,2.0, [ - ]  [+: 0.0]  [-: 3.44962012136e-13] 
1.0,24.58,13.5,2.0,2.0,13.0,4.0,0.0,2.0,2.0,0.0,1.0,1.0,184.014771049,0.0,2.0, [ - ]  [+: 0.0]  [-: 1.96621659663e-13] 
1.0,47.67,2.5,1.0,1.0,3.0,3.0,2.5,1.0,1.0,12.0,2.0,1.0,410.0,2510.0,1.0, [ + ]  [+: 9.93924443628e-17]  [-: 0.0] 
1.0,36.67,4.415,2.0,2.0,6.0,1.0,0.25,1.0,1.0,10.0,2.0,1.0,320.0,0.0,1.0, [ + ]  [+: 6.70214989739e-17]  [-: 0.0] 
1.0,23.92,0.665,1.0,1.0,7.0,1.0,0.165,2.0,2.0,0.0,1.0,1.0,100.0,0.0,1.0, [ - ]  [WRONG] [+: 8.52166741778e-18]  [-: 0.0] 
1.0,16.33,2.75,1.0,1.0,12.0,1.0,0.665,2.0,1.0,1.0,1.0,1.0,80.0,21.0,2.0, [ - ]  [+: 0.0]  [-: 1.5718170424e-13] 
1.0,25.0,12.5,1.0,1.0,12.0,1.0,3.0,1.0,2.0,0.0,2.0,2.0,20.0,0.0,1.0, [ - ]  [WRONG] [+: 4.59104997546e-17]  [-: 0.0] 
2.0,38.58,5.0,1.0,1.0,5.0,1.0,13.5,1.0,2.0,0.0,2.0,1.0,980.0,0.0,2.0, [ + ]  [WRONG] [+: 0.0]  [-: 2.36711960883e-24] 
1.0,37.17,4.0,1.0,1.0,7.0,3.0,5.0,1.0,2.0,0.0,2.0,2.0,280.0,0.0,2.0, [ - ]  [+: 0.0]  [-: 5.67850362885e-14] 
1.0,21.0,3.0,2.0,2.0,8.0,1.0,1.085,1.0,1.0,8.0,2.0,1.0,160.0,1.0,1.0, [ + ]  [+: 9.7597894184e-17]  [-: 0.0] 
2.0,22.42,5.665,1.0,1.0,2.0,1.0,2.585,1.0,1.0,7.0,1.0,1.0,129.0,3257.0,1.0, [ + ]  [+: 1.34810379884e-15]  [-: 0.0] 
1.0,21.83,1.54,1.0,1.0,6.0,1.0,0.085,2.0,2.0,0.0,2.0,1.0,356.0,0.0,2.0, [ - ]  [+: 0.0]  [-: 5.41829535059e-13] 
2.0,29.5,0.46,1.0,1.0,6.0,1.0,0.54,1.0,1.0,4.0,1.0,1.0,380.0,500.0,1.0, [ - ]  [WRONG] [+: 1.59278590939e-16]  [-: 0.0] 
2.0,20.83,3.0,1.0,1.0,12.0,1.0,0.04,1.0,2.0,0.0,1.0,1.0,100.0,0.0,1.0, [ - ]  [WRONG] [+: 1.20417393666e-16]  [-: 0.0] 
1.0,26.17,0.25,1.0,1.0,10.0,3.0,0.0,1.0,2.0,0.0,2.0,1.0,0.0,0.0,1.0, [ - ]  [WRONG] [+: 4.61006476061e-17]  [-: 0.0] 
1.0,28.58,3.625,1.0,1.0,12.0,1.0,0.25,2.0,2.0,0.0,2.0,1.0,100.0,0.0,2.0, [ - ]  [+: 0.0]  [-: 8.52199064351e-13] 
2.0,38.92,1.665,1.0,1.0,12.0,1.0,0.25,2.0,2.0,0.0,1.0,1.0,0.0,390.0,2.0, [ - ]  [+: 0.0]  [-: 3.18199543562e-13] 
1.0,54.58,9.415,1.0,1.0,13.0,4.0,14.415,1.0,1.0,11.0,2.0,1.0,30.0,300.0,1.0, [ + ]  [+: 5.38106614525e-19]  [-: 0.0] 
1.0,36.67,3.25,1.0,1.0,2.0,2.0,9.0,1.0,2.0,0.0,2.0,1.0,102.0,639.0,1.0, [ + ]  [+: 2.83040683077e-16]  [-: 0.0] 
1.0,23.25,12.625,1.0,1.0,7.0,1.0,0.125,2.0,1.0,2.0,1.0,1.0,0.0,5552.0,2.0, [ + ]  [WRONG] [+: 0.0]  [-: 1.16991465423e-28] 
1.0,21.67,1.165,2.0,2.0,6.0,1.0,2.5,1.0,1.0,1.0,1.0,1.0,180.0,20.0,2.0, [ - ]  [+: 0.0]  [-: 1.4927692353e-13] 
1.0,24.58,12.5,1.0,1.0,1.0,1.0,0.875,1.0,2.0,0.0,2.0,1.0,260.0,0.0,2.0, [ - ]  [+: 0.0]  [-: 1.77620797138e-14] 
2.0,50.25,0.835,1.0,1.0,12.0,1.0,0.5,2.0,2.0,0.0,2.0,1.0,240.0,117.0,2.0, [ - ]  [+: 0.0]  [-: 1.22372125095e-13] 
2.0,18.92,9.0,1.0,1.0,12.0,1.0,0.75,1.0,1.0,2.0,1.0,1.0,88.0,591.0,1.0, [ - ]  [WRONG] [+: 3.90469072607e-16]  [-: 0.0] 
1.0,35.17,25.125,1.0,1.0,9.0,2.0,1.625,1.0,1.0,1.0,2.0,1.0,515.0,500.0,1.0, [ + ]  [+: 1.176184359e-18]  [-: 0.0] 
2.0,23.5,1.5,1.0,1.0,1.0,1.0,0.875,2.0,2.0,0.0,2.0,1.0,160.0,0.0,2.0, [ - ]  [+: 0.0]  [-: 5.56125074409e-13] 
1.0,38.17,10.125,1.0,1.0,9.0,1.0,2.5,1.0,1.0,6.0,1.0,1.0,520.0,196.0,1.0, [ + ]  [+: 1.83277129402e-16]  [-: 0.0] 
2.0,49.0,1.5,1.0,1.0,14.0,5.0,0.0,1.0,2.0,0.0,2.0,1.0,100.0,27.0,2.0, [ - ]  [+: 0.0]  [-: 3.38387423716e-14] 
1.0,24.42,12.335,1.0,1.0,2.0,2.0,1.585,1.0,2.0,0.0,2.0,1.0,120.0,0.0,1.0, [ - ]  [WRONG] [+: 3.33261952666e-16]  [-: 0.0] 
1.0,36.33,2.125,2.0,2.0,1.0,1.0,0.085,1.0,1.0,1.0,1.0,1.0,50.0,1187.0,1.0, [ - ]  [WRONG] [+: 1.52301544051e-16]  [-: 0.0] 
1.0,35.75,2.415,1.0,1.0,1.0,1.0,0.125,2.0,1.0,2.0,1.0,1.0,220.0,1.0,2.0, [ - ]  [+: 0.0]  [-: 2.08593112332e-13] 
1.0,41.42,5.0,1.0,1.0,2.0,2.0,5.0,1.0,1.0,6.0,2.0,1.0,470.0,0.0,1.0, [ + ]  [+: 4.38688132327e-16]  [-: 0.0] 
2.0,33.08,4.625,1.0,1.0,2.0,2.0,1.625,1.0,1.0,2.0,1.0,1.0,0.0,0.0,1.0, [ - ]  [WRONG] [+: 1.71194205135e-15]  [-: 0.0] 
1.0,23.08,11.5,1.0,1.0,1.0,2.0,2.125,1.0,1.0,11.0,2.0,1.0,290.0,284.0,1.0, [ + ]  [+: 5.1531832428e-16]  [-: 0.0] 
2.0,30.5,6.5,1.0,1.0,7.0,3.0,4.0,1.0,1.0,7.0,2.0,1.0,0.0,3065.0,1.0, [ + ]  [+: 8.7210214517e-16]  [-: 0.0] 
1.0,36.67,2.0,1.0,1.0,10.0,1.0,0.25,2.0,2.0,0.0,2.0,1.0,221.0,0.0,2.0, [ - ]  [+: 0.0]  [-: 9.11348119546e-13] 
1.0,20.42,1.835,1.0,1.0,7.0,1.0,2.25,1.0,1.0,1.0,1.0,1.0,100.0,150.0,1.0, [ - ]  [WRONG] [+: 4.21312860988e-16]  [-: 0.0] 
1.0,31.33,19.5,1.0,1.0,7.0,1.0,7.0,1.0,1.0,16.0,1.0,1.0,0.0,5000.0,1.0, [ + ]  [+: 6.10303478789e-18]  [-: 0.0] 
2.0,18.83,4.415,2.0,2.0,7.0,2.0,3.0,1.0,2.0,0.0,1.0,1.0,240.0,0.0,1.0, [ - ]  [WRONG] [+: 7.91774967997e-17]  [-: 0.0] 
2.0,20.5,11.835,1.0,1.0,7.0,2.0,6.0,1.0,2.0,0.0,1.0,1.0,340.0,0.0,1.0, [ - ]  [WRONG] [+: 1.06856943501e-16]  [-: 0.0] 
2.0,20.83,8.5,1.0,1.0,7.0,1.0,0.165,2.0,2.0,0.0,1.0,1.0,0.0,351.0,2.0, [ - ]  [+: 0.0]  [-: 1.65940766143e-13] 
1.0,41.75,0.96,1.0,1.0,9.0,1.0,2.5,1.0,2.0,0.0,1.0,1.0,510.0,600.0,1.0, [ - ]  [WRONG] [+: 4.43146155625e-17]  [-: 0.0] 
1.0,29.42,1.25,1.0,1.0,1.0,1.0,1.75,2.0,2.0,0.0,1.0,1.0,200.0,0.0,2.0, [ - ]  [+: 0.0]  [-: 7.62745634249e-13] 
1.0,23.0,0.75,1.0,1.0,3.0,1.0,0.5,1.0,2.0,0.0,2.0,2.0,320.0,0.0,2.0, [ - ]  [+: 0.0]  [-: 1.79594650079e-13] 
1.0,33.58,2.75,1.0,1.0,3.0,1.0,4.25,1.0,1.0,6.0,1.0,1.0,204.0,0.0,1.0, [ + ]  [+: 8.66580248753e-16]  [-: 0.0] 
2.0,15.83,0.585,1.0,1.0,7.0,2.0,1.5,1.0,1.0,2.0,1.0,1.0,100.0,0.0,1.0, [ - ]  [WRONG] [+: 4.09597627784e-16]  [-: 0.0] 
1.0,23.58,0.46,2.0,2.0,1.0,1.0,2.625,1.0,1.0,6.0,2.0,1.0,208.0,347.0,2.0, [ - ]  [+: 0.0]  [-: 1.44388427981e-15] 
1.0,28.25,0.875,1.0,1.0,3.0,1.0,0.96,1.0,1.0,3.0,2.0,1.0,396.0,0.0,1.0, [ - ]  [WRONG] [+: 2.11548410031e-16]  [-: 0.0] 
2.0,16.33,0.21,1.0,1.0,12.0,1.0,0.125,2.0,2.0,0.0,1.0,1.0,200.0,1.0,2.0, [ - ]  [+: 0.0]  [-: 2.79257882618e-13] 
1.0,31.5681710914,5.0,2.0,2.0,12.0,1.0,8.5,1.0,2.0,0.0,1.0,1.0,0.0,0.0,2.0, [ - ]  [+: 0.0]  [-: 1.33688346214e-15] 
1.0,26.67,4.25,1.0,1.0,5.0,1.0,4.29,1.0,1.0,1.0,2.0,1.0,120.0,0.0,1.0, [ - ]  [WRONG] [+: 1.42565549542e-15]  [-: 0.0] 
1.0,63.33,0.54,1.0,1.0,7.0,1.0,0.585,1.0,1.0,3.0,2.0,1.0,180.0,0.0,2.0, [ - ]  [+: 0.0]  [-: 2.30132795203e-16] 
1.0,39.5,4.25,1.0,1.0,7.0,3.0,6.5,1.0,1.0,16.0,1.0,1.0,117.0,1210.0,1.0, [ + ]  [+: 1.90411866189e-16]  [-: 0.0] 
2.0,15.92,2.875,1.0,1.0,2.0,1.0,0.085,2.0,2.0,0.0,1.0,1.0,120.0,0.0,2.0, [ - ]  [+: 0.0]  [-: 1.88918512792e-13] 
1.0,32.08,4.0,2.0,2.0,5.0,1.0,1.5,2.0,2.0,0.0,2.0,1.0,120.0,0.0,2.0, [ - ]  [+: 0.0]  [-: 1.04984240918e-12] 
2.0,19.17,5.415,1.0,1.0,10.0,2.0,0.29,2.0,2.0,0.0,1.0,1.0,80.0,484.0,2.0, [ - ]  [+: 0.0]  [-: 2.80901817925e-13] 
1.0,54.42,0.5,2.0,2.0,6.0,2.0,3.96,1.0,2.0,0.0,1.0,1.0,180.0,314.0,1.0, [ - ]  [WRONG] [+: 1.45067996818e-17]  [-: 0.0] 
2.0,24.75,13.665,1.0,1.0,2.0,2.0,1.5,2.0,2.0,0.0,1.0,1.0,280.0,1.0,2.0, [ - ]  [+: 0.0]  [-: 1.50218459707e-14] 
1.0,17.08,3.29,1.0,1.0,10.0,1.0,0.335,2.0,2.0,0.0,2.0,1.0,140.0,2.0,2.0, [ - ]  [+: 0.0]  [-: 5.58874420607e-13] 
1.0,34.08,6.5,1.0,1.0,12.0,1.0,0.125,1.0,2.0,0.0,2.0,1.0,443.0,0.0,2.0, [ - ]  [+: 0.0]  [-: 7.35175673805e-14] 
1.0,24.5,13.335,2.0,2.0,12.0,1.0,0.04,2.0,2.0,0.0,2.0,1.0,120.0,475.0,2.0, [ - ]  [+: 0.0]  [-: 9.79954390535e-14] 
1.0,17.67,4.46,1.0,1.0,7.0,1.0,0.25,2.0,2.0,0.0,1.0,2.0,80.0,0.0,2.0, [ - ]  [+: 0.0]  [-: 5.5382346415e-13] 
2.0,69.5,6.0,1.0,1.0,13.0,4.0,0.0,2.0,2.0,0.0,1.0,2.0,0.0,0.0,2.0, [ - ]  [+: 0.0]  [-: 1.10481877596e-15] 
1.0,51.42,0.04,1.0,1.0,9.0,2.0,0.04,1.0,2.0,0.0,1.0,1.0,0.0,3000.0,1.0, [ + ]  [+: 1.08203928561e-16]  [-: 0.0] 
1.0,51.58,15.0,1.0,1.0,7.0,1.0,8.5,1.0,1.0,9.0,1.0,1.0,0.0,0.0,1.0, [ + ]  [+: 2.82841939332e-17]  [-: 0.0] 
1.0,25.67,2.21,2.0,2.0,12.0,1.0,4.0,1.0,2.0,0.0,1.0,1.0,188.0,0.0,2.0, [ - ]  [+: 0.0]  [-: 2.31581414422e-13] 
2.0,16.08,0.335,1.0,1.0,13.0,4.0,0.0,2.0,1.0,1.0,1.0,1.0,160.0,126.0,2.0, [ - ]  [+: 0.0]  [-: 2.01693044836e-13] 
2.0,58.42,21.0,1.0,1.0,10.0,3.0,10.0,1.0,1.0,13.0,1.0,1.0,0.0,6700.0,1.0, [ + ]  [+: 2.31616338414e-19]  [-: 0.0] 
2.0,21.67,11.5,2.0,2.0,14.0,5.0,0.0,1.0,1.0,11.0,2.0,1.0,0.0,0.0,1.0, [ + ]  [+: 3.24746855072e-17]  [-: 0.0] 
2.0,18.92,9.25,2.0,2.0,7.0,1.0,1.0,1.0,1.0,4.0,2.0,1.0,80.0,500.0,1.0, [ - ]  [WRONG] [+: 1.34612305888e-16]  [-: 0.0] 
1.0,59.5,2.75,1.0,1.0,1.0,1.0,1.75,1.0,1.0,5.0,2.0,1.0,60.0,58.0,1.0, [ + ]  [+: 1.23298496415e-16]  [-: 0.0] 
1.0,31.5681710914,0.625,1.0,1.0,6.0,1.0,0.25,2.0,2.0,0.0,1.0,1.0,380.0,2010.0,2.0, [ - ]  [+: 0.0]  [-: 1.48443155993e-14] 
1.0,34.42,1.335,1.0,1.0,10.0,3.0,0.125,2.0,2.0,0.0,2.0,1.0,440.0,4500.0,2.0, [ + ]  [WRONG] [+: 0.0]  [-: 3.34289759541e-22] 
1.0,60.08,14.5,1.0,1.0,13.0,4.0,18.0,1.0,1.0,15.0,2.0,1.0,0.0,1000.0,1.0, [ + ]  [+: 2.24068796462e-21]  [-: 0.0] 
1.0,39.58,5.0,1.0,1.0,13.0,4.0,0.0,2.0,1.0,2.0,1.0,1.0,17.0,1.0,2.0, [ - ]  [+: 0.0]  [-: 2.16935292617e-13] 
1.0,19.33,9.5,1.0,1.0,2.0,1.0,1.0,1.0,2.0,0.0,2.0,1.0,60.0,400.0,1.0, [ - ]  [WRONG] [+: 1.72895712081e-16]  [-: 0.0] 
2.0,29.58,1.75,2.0,2.0,6.0,1.0,1.25,2.0,2.0,0.0,2.0,1.0,280.0,0.0,2.0, [ - ]  [+: 0.0]  [-: 2.11927220165e-12] 
2.0,24.5,0.5,1.0,1.0,2.0,2.0,1.5,1.0,2.0,0.0,1.0,1.0,280.0,824.0,1.0, [ - ]  [WRONG] [+: 3.36680067277e-16]  [-: 0.0] 
1.0,45.33,1.0,1.0,1.0,2.0,1.0,0.125,2.0,2.0,0.0,2.0,1.0,263.0,0.0,2.0, [ - ]  [+: 0.0]  [-: 1.48453830474e-13] 
1.0,32.0,1.75,2.0,2.0,11.0,2.0,0.04,1.0,2.0,0.0,2.0,1.0,393.0,0.0,1.0, [ - ]  [WRONG] [+: 4.15898117093e-17]  [-: 0.0] 
1.0,43.25,25.21,1.0,1.0,2.0,2.0,0.21,1.0,1.0,1.0,1.0,1.0,760.0,90.0,2.0, [ + ]  [WRONG] [+: 0.0]  [-: 1.99413888882e-22] 
1.0,25.67,0.29,2.0,2.0,7.0,1.0,1.5,2.0,2.0,0.0,2.0,1.0,160.0,0.0,2.0, [ - ]  [+: 0.0]  [-: 1.38790796444e-12] 
1.0,28.92,0.375,1.0,1.0,7.0,1.0,0.29,2.0,2.0,0.0,1.0,1.0,220.0,140.0,2.0, [ - ]  [+: 0.0]  [-: 7.20703908913e-13] 
1.0,33.17,3.165,2.0,2.0,9.0,1.0,3.165,1.0,1.0,3.0,2.0,1.0,380.0,0.0,1.0, [ - ]  [WRONG] [+: 2.83097090226e-16]  [-: 0.0] 
2.0,17.92,0.54,1.0,1.0,7.0,1.0,1.75,2.0,1.0,1.0,2.0,1.0,80.0,5.0,2.0, [ - ]  [+: 0.0]  [-: 1.15916170394e-13] 
1.0,39.25,9.5,1.0,1.0,3.0,1.0,6.5,1.0,1.0,14.0,1.0,1.0,240.0,4607.0,1.0, [ + ]  [+: 2.02842557239e-16]  [-: 0.0] 
1.0,30.33,0.5,1.0,1.0,8.0,2.0,0.085,2.0,2.0,0.0,2.0,2.0,252.0,0.0,2.0, [ - ]  [+: 0.0]  [-: 6.53089435184e-13] 
1.0,34.25,1.75,1.0,1.0,1.0,3.0,0.25,1.0,2.0,0.0,2.0,1.0,163.0,0.0,2.0, [ - ]  [+: 0.0]  [-: 1.45737019235e-13] 
1.0,22.17,2.25,1.0,1.0,10.0,1.0,0.125,2.0,2.0,0.0,1.0,1.0,160.0,10.0,2.0, [ - ]  [+: 0.0]  [-: 8.63753348893e-13] 
1.0,33.67,2.165,1.0,1.0,7.0,1.0,1.5,2.0,2.0,0.0,1.0,3.0,120.0,0.0,2.0, [ - ]  [+: 0.0]  [-: 6.24993283592e-13] 
1.0,29.42,1.25,1.0,1.0,7.0,2.0,0.25,2.0,1.0,2.0,2.0,1.0,400.0,108.0,2.0, [ - ]  [+: 0.0]  [-: 8.42139940155e-14] 
1.0,31.08,1.5,2.0,2.0,1.0,1.0,0.04,2.0,2.0,0.0,1.0,2.0,160.0,0.0,2.0, [ - ]  [+: 0.0]  [-: 2.00840283873e-12] 
1.0,39.42,1.71,2.0,2.0,3.0,1.0,0.165,2.0,2.0,0.0,1.0,2.0,400.0,0.0,2.0, [ - ]  [+: 0.0]  [-: 1.05485628951e-12] 
2.0,38.25,6.0,1.0,1.0,6.0,1.0,1.0,1.0,2.0,0.0,2.0,1.0,0.0,0.0,1.0, [ - ]  [WRONG] [+: 1.13433446232e-16]  [-: 0.0] 
1.0,21.83,0.25,1.0,1.0,8.0,2.0,0.665,1.0,2.0,0.0,2.0,1.0,0.0,0.0,1.0, [ - ]  [WRONG] [+: 7.27962100461e-17]  [-: 0.0] 
1.0,31.5681710914,4.0,1.0,1.0,9.0,1.0,5.0,1.0,1.0,3.0,2.0,1.0,290.0,2279.0,1.0, [ + ]  [+: 1.81939274206e-15]  [-: 0.0] 
1.0,20.0,11.045,1.0,1.0,7.0,1.0,2.0,2.0,2.0,0.0,2.0,1.0,136.0,0.0,2.0, [ - ]  [+: 0.0]  [-: 1.20548755715e-13] 
1.0,21.33,7.5,1.0,1.0,12.0,1.0,1.415,1.0,1.0,1.0,1.0,1.0,80.0,9800.0,1.0, [ + ]  [+: 2.83168569315e-16]  [-: 0.0] 
1.0,20.08,0.125,1.0,1.0,2.0,1.0,1.0,2.0,1.0,1.0,1.0,1.0,240.0,768.0,1.0, [ - ]  [WRONG] [+: 3.2417897404e-17]  [-: 0.0] 
2.0,22.25,1.25,2.0,2.0,13.0,4.0,3.25,2.0,2.0,0.0,1.0,1.0,280.0,0.0,2.0, [ - ]  [+: 0.0]  [-: 1.60347170595e-12] 
2.0,23.0,1.835,1.0,1.0,14.0,5.0,0.0,2.0,1.0,1.0,1.0,1.0,200.0,53.0,2.0, [ - ]  [+: 0.0]  [-: 2.94480421998e-13] 
2.0,28.42,3.5,1.0,1.0,1.0,1.0,0.835,1.0,2.0,0.0,1.0,2.0,280.0,0.0,1.0, [ - ]  [WRONG] [+: 1.27633796188e-16]  [-: 0.0] 
1.0,34.83,2.5,2.0,2.0,1.0,1.0,3.0,2.0,2.0,0.0,1.0,2.0,200.0,0.0,2.0, [ - ]  [+: 0.0]  [-: 1.77912513876e-12] 
2.0,17.67,0.0,2.0,2.0,14.0,4.0,0.0,2.0,2.0,0.0,1.0,1.0,86.0,0.0,2.0, [ - ]  [+: 0.0]  [-: 7.23217118455e-13] 
1.0,19.17,4.0,2.0,2.0,10.0,1.0,1.0,2.0,2.0,0.0,2.0,1.0,360.0,1000.0,2.0, [ - ]  [+: 0.0]  [-: 5.87926451206e-13] 
1.0,38.92,1.75,1.0,1.0,6.0,1.0,0.5,2.0,2.0,0.0,2.0,1.0,300.0,2.0,2.0, [ - ]  [+: 0.0]  [-: 6.98600219853e-13] 
1.0,34.83,4.0,1.0,1.0,8.0,3.0,12.5,1.0,2.0,0.0,2.0,1.0,184.014771049,0.0,2.0, [ + ]  [WRONG] [+: 0.0]  [-: 5.32136818962e-19] 
1.0,32.75,2.335,1.0,1.0,8.0,2.0,5.75,2.0,2.0,0.0,2.0,1.0,292.0,0.0,2.0, [ - ]  [+: 0.0]  [-: 7.65934880475e-14] 
2.0,27.67,1.5,1.0,1.0,3.0,1.0,2.0,1.0,2.0,0.0,1.0,2.0,368.0,0.0,2.0, [ - ]  [+: 0.0]  [-: 1.88986155693e-13] 
1.0,26.83,0.54,1.0,1.0,6.0,4.0,0.0,2.0,2.0,0.0,1.0,1.0,100.0,0.0,2.0, [ - ]  [+: 0.0]  [-: 9.98354367341e-13] 
2.0,19.5,0.165,1.0,1.0,2.0,1.0,0.04,2.0,2.0,0.0,2.0,1.0,380.0,0.0,2.0, [ - ]  [+: 0.0]  [-: 1.30482143213e-13] 
1.0,20.17,8.17,1.0,1.0,12.0,1.0,1.96,1.0,1.0,14.0,1.0,1.0,60.0,158.0,1.0, [ + ]  [+: 1.66339836955e-16]  [-: 0.0] 
1.0,25.67,3.25,1.0,1.0,7.0,2.0,2.29,2.0,1.0,1.0,2.0,1.0,416.0,21.0,2.0, [ - ]  [+: 0.0]  [-: 1.06412980779e-13] 
1.0,18.67,5.0,1.0,1.0,2.0,1.0,0.375,1.0,1.0,2.0,1.0,1.0,0.0,38.0,2.0, [ - ]  [+: 0.0]  [-: 1.34621616807e-14] 
2.0,25.0,0.875,1.0,1.0,9.0,2.0,1.04,1.0,2.0,0.0,2.0,1.0,160.0,5860.0,1.0, [ + ]  [+: 5.71202186578e-16]  [-: 0.0] 
2.0,25.33,2.085,1.0,1.0,7.0,2.0,2.75,1.0,2.0,0.0,2.0,1.0,360.0,1.0,2.0, [ - ]  [+: 0.0]  [-: 6.08528334578e-14] 
1.0,22.08,11.46,1.0,1.0,6.0,1.0,1.585,2.0,2.0,0.0,2.0,1.0,100.0,1212.0,2.0, [ - ]  [+: 0.0]  [-: 4.71373169705e-14] 
2.0,41.58,1.04,1.0,1.0,12.0,1.0,0.665,2.0,2.0,0.0,1.0,1.0,240.0,237.0,2.0, [ - ]  [+: 0.0]  [-: 4.5735108473e-13] 
1.0,54.83,15.5,1.0,1.0,11.0,6.0,0.0,1.0,1.0,20.0,1.0,1.0,152.0,130.0,2.0, [ + ]  [WRONG] [+: 0.0]  [-: 1.7290001046e-40] 
2.0,40.83,10.0,1.0,1.0,2.0,2.0,1.75,1.0,2.0,0.0,1.0,1.0,29.0,837.0,1.0, [ - ]  [WRONG] [+: 4.40063835199e-16]  [-: 0.0] 
1.0,34.0,5.5,2.0,2.0,7.0,1.0,1.5,2.0,2.0,0.0,2.0,1.0,60.0,0.0,2.0, [ - ]  [+: 0.0]  [-: 1.37730152789e-12] 
1.0,40.83,3.5,1.0,1.0,10.0,3.0,0.5,2.0,2.0,0.0,1.0,2.0,1160.0,0.0,2.0, [ - ]  [+: 0.0]  [-: 1.83881595874e-18] 
1.0,56.58,18.5,1.0,1.0,8.0,3.0,15.0,1.0,1.0,17.0,2.0,1.0,0.0,0.0,1.0, [ + ]  [+: 2.79163168824e-20]  [-: 0.0] 
1.0,31.5681710914,3.0,2.0,2.0,10.0,3.0,7.0,2.0,2.0,0.0,1.0,1.0,0.0,1.0,2.0, [ - ]  [+: 0.0]  [-: 5.10558995382e-14] 
1.0,23.25,1.5,1.0,1.0,2.0,1.0,2.375,1.0,1.0,3.0,2.0,1.0,0.0,582.0,1.0, [ - ]  [WRONG] [+: 5.84167959601e-16]  [-: 0.0] 
1.0,17.25,3.0,1.0,1.0,6.0,1.0,0.04,2.0,2.0,0.0,2.0,1.0,160.0,40.0,2.0, [ - ]  [+: 0.0]  [-: 5.5231607055e-13] 
1.0,32.75,1.5,1.0,1.0,5.0,2.0,5.5,1.0,1.0,3.0,2.0,1.0,0.0,0.0,1.0, [ + ]  [+: 1.23893453321e-15]  [-: 0.0] 
2.0,21.25,2.335,1.0,1.0,10.0,3.0,0.5,1.0,1.0,4.0,1.0,2.0,80.0,0.0,1.0, [ - ]  [WRONG] [+: 1.47812988979e-16]  [-: 0.0] 
1.0,38.25,10.125,2.0,2.0,6.0,1.0,0.125,2.0,2.0,0.0,1.0,1.0,160.0,0.0,2.0, [ - ]  [+: 0.0]  [-: 5.57052926283e-13] 
1.0,73.42,17.75,1.0,1.0,13.0,4.0,0.0,1.0,2.0,0.0,2.0,1.0,0.0,0.0,1.0, [ - ]  [WRONG] [+: 2.34974679897e-20]  [-: 0.0] 
1.0,28.0,3.0,1.0,1.0,1.0,1.0,0.75,2.0,2.0,0.0,2.0,1.0,300.0,67.0,2.0, [ - ]  [+: 0.0]  [-: 7.54561754428e-13] 
1.0,20.0,0.0,1.0,1.0,8.0,1.0,0.5,2.0,2.0,0.0,1.0,1.0,144.0,0.0,2.0, [ - ]  [+: 0.0]  [-: 5.0798030911e-13] 
2.0,20.42,10.5,2.0,2.0,9.0,2.0,0.0,2.0,2.0,0.0,2.0,1.0,154.0,32.0,2.0, [ - ]  [+: 0.0]  [-: 2.85664328018e-14] 
2.0,20.75,9.54,1.0,1.0,10.0,1.0,0.04,2.0,2.0,0.0,1.0,1.0,200.0,1000.0,2.0, [ - ]  [+: 0.0]  [-: 1.34314614613e-13] 
1.0,27.75,1.29,1.0,1.0,6.0,2.0,0.25,2.0,2.0,0.0,2.0,2.0,140.0,0.0,2.0, [ - ]  [+: 0.0]  [-: 7.89991014684e-13] 
1.0,34.17,2.75,1.0,1.0,10.0,3.0,2.5,2.0,2.0,0.0,2.0,1.0,232.0,200.0,2.0, [ - ]  [+: 0.0]  [-: 1.02340219692e-12] 
1.0,25.0,11.25,1.0,1.0,7.0,1.0,2.5,1.0,1.0,17.0,1.0,1.0,200.0,1208.0,1.0, [ + ]  [+: 1.12550575206e-16]  [-: 0.0] 
1.0,28.67,14.5,1.0,1.0,8.0,1.0,0.125,2.0,2.0,0.0,1.0,1.0,0.0,286.0,2.0, [ - ]  [+: 0.0]  [-: 2.06981631307e-14] 
1.0,23.42,0.585,1.0,1.0,7.0,2.0,0.085,1.0,2.0,0.0,1.0,1.0,180.0,0.0,2.0, [ - ]  [+: 0.0]  [-: 7.97227579409e-14] 
1.0,26.67,2.71,2.0,2.0,5.0,1.0,5.25,1.0,1.0,1.0,1.0,1.0,211.0,0.0,1.0, [ - ]  [WRONG] [+: 3.04892579376e-16]  [-: 0.0] 
