1.0,23.17,0.0,1.0,1.0,7.0,1.0,0.0,2.0,2.0,0.0,1.0,3.0,184.014771049,0.0,1.0, [ - ]  [WRONG] [+: 1.08057223398e-17]  [-: 0.0] 
1.0,62.5,12.75,2.0,2.0,7.0,2.0,5.0,1.0,2.0,0.0,1.0,1.0,112.0,0.0,2.0, [ - ]  [+: 0.0]  [-: 4.00218734643e-17] 
1.0,19.58,0.585,1.0,1.0,13.0,4.0,0.0,2.0,1.0,3.0,1.0,1.0,350.0,769.0,2.0, [ - ]  [+: 0.0]  [-: 8.1247073713e-14] 
1.0,20.0,7.0,1.0,1.0,7.0,1.0,0.5,2.0,2.0,0.0,1.0,1.0,0.0,0.0,2.0, [ - ]  [+: 0.0]  [-: 2.52889440138e-13] 
1.0,32.33,2.5,1.0,1.0,7.0,1.0,1.25,2.0,2.0,0.0,2.0,1.0,280.0,0.0,2.0, [ - ]  [+: 0.0]  [-: 7.93029830897e-13] 
2.0,22.67,0.335,1.0,1.0,2.0,1.0,0.75,2.0,2.0,0.0,1.0,2.0,160.0,0.0,2.0, [ - ]  [+: 0.0]  [-: 4.62643121033e-13] 
2.0,16.5,1.25,1.0,1.0,2.0,1.0,0.25,2.0,1.0,1.0,1.0,1.0,108.0,98.0,2.0, [ - ]  [+: 0.0]  [-: 7.21491143141e-14] 
1.0,17.67,4.46,1.0,1.0,7.0,1.0,0.25,2.0,2.0,0.0,1.0,2.0,80.0,0.0,2.0, [ - ]  [+: 0.0]  [-: 4.93079916945e-13] 
1.0,54.83,15.5,1.0,1.0,11.0,6.0,0.0,1.0,1.0,20.0,1.0,1.0,152.0,130.0,2.0, [ + ]  [WRONG] [+: 0.0]  [-: 3.22137675169e-45] 
1.0,31.67,16.165,1.0,1.0,8.0,1.0,3.0,1.0,1.0,9.0,1.0,1.0,250.0,730.0,1.0, [ + ]  [+: 7.23738632075e-17]  [-: 0.0] 
2.0,24.75,3.0,1.0,1.0,2.0,2.0,1.835,1.0,1.0,19.0,1.0,1.0,0.0,500.0,1.0, [ + ]  [+: 9.75402146131e-17]  [-: 0.0] 
2.0,20.83,3.0,1.0,1.0,12.0,1.0,0.04,1.0,2.0,0.0,1.0,1.0,100.0,0.0,1.0, [ - ]  [WRONG] [+: 8.9263270413e-17]  [-: 0.0] 
1.0,19.0,0.0,2.0,2.0,13.0,4.0,0.0,2.0,1.0,4.0,1.0,1.0,45.0,1.0,2.0, [ - ]  [+: 0.0]  [-: 6.06887534917e-14] 
1.0,54.58,9.415,1.0,1.0,13.0,4.0,14.415,1.0,1.0,11.0,2.0,1.0,30.0,300.0,1.0, [ + ]  [+: 4.35722892277e-19]  [-: 0.0] 
1.0,22.58,1.5,2.0,2.0,12.0,1.0,0.54,2.0,2.0,0.0,2.0,1.0,120.0,67.0,2.0, [ - ]  [+: 0.0]  [-: 1.37129786303e-12] 
2.0,41.17,6.5,1.0,1.0,2.0,1.0,0.5,1.0,1.0,3.0,2.0,1.0,145.0,0.0,1.0, [ - ]  [WRONG] [+: 1.34162027964e-15]  [-: 0.0] 
1.0,47.67,0.29,1.0,1.0,7.0,3.0,15.0,1.0,1.0,20.0,1.0,1.0,0.0,15000.0,1.0, [ + ]  [+: 1.03858682855e-19]  [-: 0.0] 
2.0,28.67,1.04,1.0,1.0,7.0,1.0,2.5,1.0,1.0,5.0,2.0,1.0,300.0,1430.0,1.0, [ + ]  [+: 7.15894437023e-16]  [-: 0.0] 
1.0,39.33,5.875,1.0,1.0,5.0,2.0,10.0,1.0,1.0,14.0,2.0,1.0,399.0,0.0,1.0, [ + ]  [+: 1.21822999078e-16]  [-: 0.0] 
2.0,30.0,5.29,1.0,1.0,11.0,8.0,2.25,1.0,1.0,5.0,2.0,1.0,99.0,500.0,1.0, [ - ]  [WRONG] [+: 0.0]  [-: 0.0] 
1.0,21.0,4.79,2.0,2.0,1.0,1.0,2.25,1.0,1.0,1.0,2.0,1.0,80.0,300.0,1.0, [ - ]  [WRONG] [+: 2.25776944898e-16]  [-: 0.0] 
1.0,36.67,4.415,2.0,2.0,6.0,1.0,0.25,1.0,1.0,10.0,2.0,1.0,320.0,0.0,1.0, [ + ]  [+: 6.44585617138e-17]  [-: 0.0] 
2.0,22.75,6.165,1.0,1.0,12.0,1.0,0.165,2.0,2.0,0.0,1.0,1.0,220.0,1000.0,2.0, [ - ]  [+: 0.0]  [-: 4.20875737824e-13] 
1.0,58.58,2.71,1.0,1.0,7.0,1.0,2.415,2.0,2.0,0.0,2.0,1.0,320.0,0.0,2.0, [ - ]  [+: 0.0]  [-: 1.27658797189e-14] 
1.0,41.17,1.25,2.0,2.0,1.0,1.0,0.25,2.0,2.0,0.0,1.0,1.0,0.0,195.0,2.0, [ - ]  [+: 0.0]  [-: 4.08701976527e-13] 
2.0,60.92,5.0,1.0,1.0,12.0,1.0,4.0,1.0,1.0,4.0,1.0,1.0,0.0,99.0,1.0, [ + ]  [+: 5.62137995844e-17]  [-: 0.0] 
1.0,23.75,0.415,2.0,2.0,7.0,1.0,0.04,2.0,1.0,2.0,1.0,1.0,128.0,6.0,2.0, [ - ]  [+: 0.0]  [-: 2.78230803945e-13] 
1.0,27.67,2.0,1.0,1.0,9.0,2.0,1.0,1.0,1.0,4.0,1.0,1.0,140.0,7544.0,1.0, [ + ]  [+: 1.64960456757e-15]  [-: 0.0] 
2.0,22.67,0.75,1.0,1.0,7.0,1.0,2.0,2.0,1.0,2.0,2.0,1.0,200.0,394.0,2.0, [ - ]  [+: 0.0]  [-: 1.51205910335e-13] 
1.0,20.42,7.0,1.0,1.0,7.0,1.0,1.625,1.0,1.0,3.0,1.0,1.0,200.0,1391.0,1.0, [ - ]  [WRONG] [+: 6.83066095578e-16]  [-: 0.0] 
1.0,33.58,0.25,1.0,1.0,10.0,3.0,4.0,2.0,2.0,0.0,2.0,2.0,420.0,0.0,2.0, [ - ]  [+: 0.0]  [-: 2.60036558406e-13] 
2.0,36.75,5.125,1.0,1.0,11.0,1.0,5.0,1.0,2.0,0.0,2.0,1.0,0.0,4000.0,1.0, [ + ]  [+: 2.39540954402e-16]  [-: 0.0] 
1.0,30.17,1.085,2.0,2.0,7.0,1.0,0.04,2.0,2.0,0.0,1.0,1.0,170.0,179.0,2.0, [ - ]  [+: 0.0]  [-: 1.40384801691e-12] 
1.0,29.92,1.835,1.0,1.0,7.0,2.0,4.335,1.0,2.0,0.0,1.0,1.0,260.0,200.0,1.0, [ - ]  [WRONG] [+: 3.22161473257e-16]  [-: 0.0] 
2.0,40.33,7.54,2.0,2.0,2.0,2.0,8.0,1.0,1.0,14.0,1.0,1.0,0.0,2300.0,1.0, [ + ]  [+: 9.20402043853e-17]  [-: 0.0] 
1.0,18.33,1.21,2.0,2.0,11.0,8.0,0.0,2.0,2.0,0.0,1.0,1.0,100.0,0.0,2.0, [ - ]  [+: 0.0]  [-: 9.60238340149e-13] 
1.0,80.25,5.5,1.0,1.0,7.0,1.0,0.54,1.0,2.0,0.0,1.0,1.0,0.0,340.0,2.0, [ - ]  [+: 0.0]  [-: 6.90927622972e-19] 
1.0,29.42,1.25,1.0,1.0,1.0,1.0,1.75,2.0,2.0,0.0,1.0,1.0,200.0,0.0,2.0, [ - ]  [+: 0.0]  [-: 7.14101238518e-13] 
1.0,27.83,4.0,2.0,2.0,10.0,2.0,5.75,1.0,1.0,2.0,2.0,1.0,75.0,0.0,2.0, [ - ]  [+: 0.0]  [-: 8.21869583375e-15] 
1.0,27.83,1.5,1.0,1.0,1.0,1.0,2.0,1.0,1.0,11.0,2.0,1.0,434.0,35.0,1.0, [ + ]  [+: 1.86014459707e-16]  [-: 0.0] 
1.0,26.67,14.585,1.0,1.0,10.0,3.0,0.0,2.0,2.0,0.0,2.0,1.0,178.0,0.0,2.0, [ - ]  [+: 0.0]  [-: 4.82829336964e-14] 
1.0,34.17,2.75,1.0,1.0,10.0,3.0,2.5,2.0,2.0,0.0,2.0,1.0,232.0,200.0,2.0, [ - ]  [+: 0.0]  [-: 9.87771084753e-13] 
2.0,35.42,12.0,1.0,1.0,2.0,2.0,14.0,1.0,1.0,8.0,1.0,1.0,0.0,6590.0,1.0, [ + ]  [+: 2.95180334537e-17]  [-: 0.0] 
2.0,21.92,11.665,1.0,1.0,6.0,2.0,0.085,2.0,2.0,0.0,1.0,1.0,320.0,5.0,2.0, [ - ]  [+: 0.0]  [-: 1.01550732374e-13] 
1.0,31.67,0.83,1.0,1.0,9.0,1.0,1.335,1.0,1.0,8.0,2.0,1.0,303.0,3290.0,1.0, [ + ]  [+: 9.8411908289e-16]  [-: 0.0] 
1.0,32.67,9.0,2.0,2.0,1.0,2.0,5.25,1.0,2.0,0.0,2.0,1.0,154.0,0.0,1.0, [ - ]  [WRONG] [+: 1.60605249945e-16]  [-: 0.0] 
1.0,18.5,2.0,1.0,1.0,10.0,1.0,1.5,1.0,1.0,2.0,1.0,1.0,120.0,300.0,1.0, [ - ]  [WRONG] [+: 2.18627265576e-16]  [-: 0.0] 
2.0,22.5,8.46,2.0,2.0,9.0,1.0,2.46,2.0,2.0,0.0,1.0,1.0,164.0,0.0,1.0, [ - ]  [WRONG] [+: 1.09341922404e-17]  [-: 0.0] 
2.0,20.33,10.0,1.0,1.0,7.0,2.0,1.0,1.0,1.0,4.0,1.0,1.0,50.0,1465.0,1.0, [ + ]  [+: 6.00015566712e-16]  [-: 0.0] 
1.0,21.08,4.125,2.0,2.0,10.0,2.0,0.04,2.0,2.0,0.0,1.0,1.0,140.0,100.0,2.0, [ - ]  [+: 0.0]  [-: 1.05832565828e-12] 
1.0,22.75,11.5,1.0,1.0,10.0,1.0,0.415,2.0,2.0,0.0,1.0,1.0,0.0,0.0,2.0, [ - ]  [+: 0.0]  [-: 1.19139036107e-13] 
2.0,33.75,0.75,1.0,1.0,6.0,3.0,1.0,1.0,1.0,3.0,2.0,1.0,212.0,0.0,2.0, [ - ]  [+: 0.0]  [-: 3.30241781153e-14] 
1.0,28.33,5.0,1.0,1.0,1.0,1.0,11.0,1.0,2.0,0.0,2.0,1.0,70.0,0.0,1.0, [ + ]  [+: 6.36987349138e-17]  [-: 0.0] 
1.0,39.08,6.0,1.0,1.0,3.0,1.0,1.29,1.0,1.0,5.0,2.0,1.0,108.0,1097.0,1.0, [ + ]  [+: 9.44581947802e-16]  [-: 0.0] 
1.0,63.33,0.54,1.0,1.0,7.0,1.0,0.585,1.0,1.0,3.0,2.0,1.0,180.0,0.0,2.0, [ - ]  [+: 0.0]  [-: 1.1196660281e-16] 
2.0,27.42,14.5,1.0,1.0,9.0,2.0,3.085,1.0,1.0,1.0,1.0,1.0,120.0,11.0,1.0, [ + ]  [+: 8.30624774415e-16]  [-: 0.0] 
1.0,31.83,2.5,1.0,1.0,12.0,1.0,7.5,1.0,2.0,0.0,2.0,1.0,523.0,0.0,2.0, [ - ]  [+: 0.0]  [-: 6.34505029031e-16] 
2.0,27.67,1.5,1.0,1.0,3.0,1.0,2.0,1.0,2.0,0.0,1.0,2.0,368.0,0.0,2.0, [ - ]  [+: 0.0]  [-: 1.82467676729e-13] 
2.0,23.58,0.83,1.0,1.0,2.0,1.0,0.415,2.0,1.0,1.0,2.0,1.0,200.0,11.0,2.0, [ - ]  [+: 0.0]  [-: 1.39018307939e-13] 
2.0,17.58,9.0,1.0,1.0,12.0,1.0,1.375,1.0,2.0,0.0,2.0,1.0,0.0,0.0,1.0, [ - ]  [WRONG] [+: 5.75172704962e-17]  [-: 0.0] 
1.0,31.08,3.085,1.0,1.0,7.0,1.0,2.5,2.0,1.0,2.0,2.0,1.0,160.0,41.0,2.0, [ - ]  [+: 0.0]  [-: 2.16522696926e-13] 
2.0,15.92,2.875,1.0,1.0,2.0,1.0,0.085,2.0,2.0,0.0,1.0,1.0,120.0,0.0,2.0, [ - ]  [+: 0.0]  [-: 1.88568074428e-13] 
1.0,24.58,13.5,2.0,2.0,13.0,4.0,0.0,2.0,2.0,0.0,1.0,1.0,184.014771049,0.0,2.0, [ - ]  [+: 0.0]  [-: 2.88448359924e-13] 
1.0,23.58,1.79,1.0,1.0,7.0,1.0,0.54,2.0,2.0,0.0,2.0,1.0,136.0,1.0,2.0, [ - ]  [+: 0.0]  [-: 6.14193571993e-13] 
1.0,18.08,6.75,2.0,2.0,3.0,1.0,0.04,2.0,2.0,0.0,1.0,1.0,140.0,0.0,2.0, [ - ]  [+: 0.0]  [-: 7.37197642077e-13] 
1.0,32.83,2.5,1.0,1.0,5.0,2.0,2.75,1.0,1.0,6.0,1.0,1.0,160.0,2072.0,1.0, [ + ]  [+: 2.39249283776e-15]  [-: 0.0] 
2.0,18.42,9.25,1.0,1.0,2.0,1.0,1.21,1.0,1.0,4.0,1.0,1.0,60.0,540.0,1.0, [ - ]  [WRONG] [+: 5.66932541402e-16]  [-: 0.0] 
2.0,60.58,16.5,1.0,1.0,2.0,1.0,11.0,1.0,2.0,0.0,2.0,1.0,21.0,10561.0,1.0, [ + ]  [+: 8.07357154011e-19]  [-: 0.0] 
2.0,28.58,3.75,1.0,1.0,7.0,1.0,0.25,2.0,1.0,1.0,2.0,1.0,40.0,154.0,2.0, [ - ]  [+: 0.0]  [-: 2.22759714982e-13] 
1.0,59.67,1.54,1.0,1.0,2.0,1.0,0.125,1.0,2.0,0.0,2.0,1.0,260.0,0.0,1.0, [ - ]  [WRONG] [+: 3.18190816926e-17]  [-: 0.0] 
1.0,41.0,0.04,1.0,1.0,11.0,1.0,0.04,2.0,1.0,1.0,1.0,2.0,560.0,0.0,1.0, [ - ]  [WRONG] [+: 1.33331614802e-18]  [-: 0.0] 
1.0,23.25,4.0,1.0,1.0,7.0,3.0,0.25,1.0,2.0,0.0,2.0,1.0,160.0,0.0,1.0, [ - ]  [WRONG] [+: 1.94290864308e-16]  [-: 0.0] 
1.0,20.25,9.96,1.0,1.0,11.0,8.0,0.0,1.0,2.0,0.0,1.0,1.0,0.0,0.0,1.0, [ - ]  [WRONG] [+: 0.0]  [-: 0.0] 
1.0,33.58,2.75,1.0,1.0,3.0,1.0,4.25,1.0,1.0,6.0,1.0,1.0,204.0,0.0,1.0, [ + ]  [+: 9.10743755039e-16]  [-: 0.0] 
2.0,52.83,15.0,1.0,1.0,7.0,1.0,5.5,1.0,1.0,14.0,1.0,1.0,0.0,2200.0,1.0, [ + ]  [+: 2.32696372022e-17]  [-: 0.0] 
1.0,24.83,2.75,1.0,1.0,7.0,1.0,2.25,1.0,1.0,6.0,1.0,1.0,184.014771049,600.0,1.0, [ + ]  [+: 8.41997229376e-16]  [-: 0.0] 
1.0,31.42,15.5,1.0,1.0,7.0,1.0,0.5,1.0,2.0,0.0,1.0,1.0,120.0,0.0,2.0, [ - ]  [+: 0.0]  [-: 5.10190819548e-15] 
1.0,33.17,3.04,2.0,2.0,7.0,2.0,2.04,1.0,1.0,1.0,2.0,1.0,180.0,18027.0,1.0, [ + ]  [+: 7.37966073693e-17]  [-: 0.0] 
1.0,19.5,0.29,1.0,1.0,6.0,1.0,0.29,2.0,2.0,0.0,1.0,1.0,280.0,364.0,2.0, [ - ]  [+: 0.0]  [-: 5.61594575461e-13] 
1.0,18.83,0.415,2.0,2.0,7.0,1.0,0.165,2.0,1.0,1.0,1.0,1.0,200.0,1.0,2.0, [ - ]  [+: 0.0]  [-: 2.86826914513e-13] 
1.0,19.5,9.585,1.0,1.0,12.0,1.0,0.79,2.0,2.0,0.0,1.0,1.0,80.0,350.0,2.0, [ - ]  [+: 0.0]  [-: 2.55126225346e-13] 
1.0,39.17,2.5,2.0,2.0,10.0,2.0,10.0,2.0,2.0,0.0,2.0,2.0,200.0,0.0,2.0, [ - ]  [+: 0.0]  [-: 2.10467105191e-16] 
1.0,36.17,0.42,2.0,2.0,1.0,1.0,0.29,2.0,2.0,0.0,2.0,1.0,309.0,2.0,2.0, [ - ]  [+: 0.0]  [-: 7.61567152691e-13] 
1.0,54.42,0.5,2.0,2.0,6.0,2.0,3.96,1.0,2.0,0.0,1.0,1.0,180.0,314.0,1.0, [ - ]  [WRONG] [+: 1.11303401641e-17]  [-: 0.0] 
2.0,28.58,3.54,1.0,1.0,10.0,3.0,0.5,1.0,2.0,0.0,2.0,1.0,171.0,0.0,2.0, [ - ]  [+: 0.0]  [-: 2.56221177614e-13] 
2.0,19.17,0.585,2.0,2.0,12.0,1.0,0.585,1.0,2.0,0.0,2.0,1.0,160.0,0.0,2.0, [ - ]  [+: 0.0]  [-: 2.05787672008e-13] 
1.0,25.67,0.29,2.0,2.0,7.0,1.0,1.5,2.0,2.0,0.0,2.0,1.0,160.0,0.0,2.0, [ - ]  [+: 0.0]  [-: 1.17638718798e-12] 
1.0,33.17,1.04,1.0,1.0,4.0,2.0,6.5,1.0,2.0,0.0,2.0,1.0,164.0,31285.0,1.0, [ + ]  [+: 5.60715929712e-19]  [-: 0.0] 
2.0,23.0,11.75,1.0,1.0,9.0,2.0,0.5,1.0,1.0,2.0,2.0,1.0,300.0,551.0,1.0, [ - ]  [WRONG] [+: 9.16690210937e-16]  [-: 0.0] 
1.0,34.08,2.5,1.0,1.0,7.0,1.0,1.0,2.0,2.0,0.0,1.0,1.0,460.0,16.0,2.0, [ - ]  [+: 0.0]  [-: 3.48685570207e-13] 
1.0,44.25,0.5,1.0,1.0,3.0,1.0,10.75,1.0,2.0,0.0,1.0,2.0,400.0,0.0,2.0, [ + ]  [WRONG] [+: 0.0]  [-: 1.63197624889e-18] 
2.0,21.75,1.75,2.0,2.0,14.0,5.0,0.0,2.0,2.0,0.0,1.0,1.0,160.0,0.0,2.0, [ - ]  [+: 0.0]  [-: 1.24060460038e-12] 
1.0,57.42,8.5,1.0,1.0,11.0,2.0,7.0,1.0,1.0,3.0,1.0,1.0,0.0,0.0,1.0, [ + ]  [+: 1.37658730417e-16]  [-: 0.0] 
2.0,27.25,0.29,1.0,1.0,3.0,2.0,0.125,2.0,1.0,1.0,2.0,1.0,272.0,108.0,2.0, [ - ]  [+: 0.0]  [-: 1.55061069592e-13] 
2.0,21.25,2.335,1.0,1.0,10.0,3.0,0.5,1.0,1.0,4.0,1.0,2.0,80.0,0.0,1.0, [ - ]  [WRONG] [+: 1.33120159865e-16]  [-: 0.0] 
1.0,48.08,6.04,1.0,1.0,6.0,1.0,0.04,2.0,2.0,0.0,1.0,1.0,0.0,2690.0,1.0, [ - ]  [WRONG] [+: 2.73034277829e-18]  [-: 0.0] 
1.0,32.25,0.165,2.0,2.0,7.0,2.0,3.25,1.0,1.0,1.0,2.0,1.0,432.0,8000.0,1.0, [ + ]  [+: 7.9587379587e-17]  [-: 0.0] 
1.0,37.5,1.75,2.0,2.0,7.0,3.0,0.25,1.0,2.0,0.0,2.0,1.0,164.0,400.0,2.0, [ - ]  [+: 0.0]  [-: 2.44893783757e-13] 
1.0,26.83,0.54,1.0,1.0,6.0,4.0,0.0,2.0,2.0,0.0,1.0,1.0,100.0,0.0,2.0, [ - ]  [+: 0.0]  [-: 1.14385068105e-12] 
1.0,22.25,0.46,1.0,1.0,6.0,1.0,0.125,2.0,2.0,0.0,2.0,1.0,280.0,55.0,2.0, [ - ]  [+: 0.0]  [-: 6.51040002444e-13] 
1.0,20.67,5.29,1.0,1.0,2.0,1.0,0.375,1.0,1.0,1.0,1.0,1.0,160.0,0.0,2.0, [ - ]  [+: 0.0]  [-: 3.24018586815e-14] 
2.0,15.83,0.585,1.0,1.0,7.0,2.0,1.5,1.0,1.0,2.0,1.0,1.0,100.0,0.0,1.0, [ - ]  [WRONG] [+: 3.65825254401e-16]  [-: 0.0] 
2.0,31.5681710914,3.5,1.0,1.0,8.0,1.0,3.0,1.0,2.0,0.0,2.0,1.0,300.0,0.0,2.0, [ - ]  [+: 0.0]  [-: 1.8339365562e-13] 
1.0,22.17,2.25,1.0,1.0,10.0,1.0,0.125,2.0,2.0,0.0,1.0,1.0,160.0,10.0,2.0, [ - ]  [+: 0.0]  [-: 8.40509867424e-13] 
2.0,20.42,0.835,1.0,1.0,2.0,1.0,1.585,1.0,1.0,1.0,1.0,1.0,0.0,0.0,1.0, [ - ]  [WRONG] [+: 3.41345047321e-16]  [-: 0.0] 
2.0,52.17,0.0,2.0,2.0,13.0,4.0,0.0,2.0,2.0,0.0,1.0,1.0,0.0,0.0,2.0, [ - ]  [+: 0.0]  [-: 1.33570065844e-13] 
1.0,38.25,10.125,2.0,2.0,6.0,1.0,0.125,2.0,2.0,0.0,1.0,1.0,160.0,0.0,2.0, [ - ]  [+: 0.0]  [-: 6.2611772881e-13] 
2.0,58.67,4.46,1.0,1.0,2.0,2.0,3.04,1.0,1.0,6.0,1.0,1.0,43.0,560.0,1.0, [ + ]  [+: 2.94687314202e-16]  [-: 0.0] 
1.0,38.42,0.705,1.0,1.0,7.0,1.0,0.375,2.0,1.0,2.0,1.0,1.0,225.0,500.0,2.0, [ - ]  [+: 0.0]  [-: 1.39216900978e-13] 
1.0,23.17,11.125,1.0,1.0,9.0,2.0,0.46,1.0,1.0,1.0,1.0,1.0,100.0,0.0,1.0, [ - ]  [WRONG] [+: 9.91593070768e-16]  [-: 0.0] 
1.0,43.0,0.29,2.0,2.0,5.0,2.0,1.75,1.0,1.0,8.0,1.0,1.0,100.0,375.0,1.0, [ + ]  [+: 3.18540533292e-16]  [-: 0.0] 
1.0,48.5,4.25,1.0,1.0,3.0,1.0,0.125,1.0,2.0,0.0,2.0,1.0,225.0,0.0,1.0, [ - ]  [WRONG] [+: 1.1202077778e-16]  [-: 0.0] 
1.0,47.33,6.5,1.0,1.0,7.0,1.0,1.0,2.0,2.0,0.0,2.0,1.0,0.0,228.0,2.0, [ - ]  [+: 0.0]  [-: 1.03234001541e-13] 
1.0,25.0,12.5,1.0,1.0,12.0,1.0,3.0,1.0,2.0,0.0,2.0,2.0,20.0,0.0,1.0, [ - ]  [WRONG] [+: 3.74287608165e-17]  [-: 0.0] 
1.0,20.42,7.5,1.0,1.0,6.0,1.0,1.5,1.0,1.0,1.0,1.0,1.0,160.0,234.0,1.0, [ - ]  [WRONG] [+: 2.35793813686e-16]  [-: 0.0] 
2.0,24.08,0.5,1.0,1.0,2.0,2.0,1.25,1.0,1.0,1.0,1.0,1.0,0.0,678.0,1.0, [ - ]  [WRONG] [+: 5.95963105686e-16]  [-: 0.0] 
1.0,18.67,5.0,1.0,1.0,2.0,1.0,0.375,1.0,1.0,2.0,1.0,1.0,0.0,38.0,2.0, [ - ]  [+: 0.0]  [-: 1.15945966663e-14] 
2.0,23.58,0.585,2.0,2.0,13.0,4.0,0.125,2.0,2.0,0.0,1.0,1.0,120.0,87.0,2.0, [ - ]  [+: 0.0]  [-: 2.28920364174e-12] 
1.0,19.42,1.5,2.0,2.0,5.0,1.0,2.0,1.0,2.0,0.0,2.0,1.0,100.0,20.0,2.0, [ - ]  [+: 0.0]  [-: 9.63901726704e-14] 
1.0,48.17,3.5,1.0,1.0,12.0,1.0,3.5,1.0,2.0,0.0,1.0,2.0,230.0,0.0,1.0, [ - ]  [WRONG] [+: 5.82508794412e-17]  [-: 0.0] 
2.0,35.17,3.75,1.0,1.0,13.0,4.0,0.0,2.0,1.0,6.0,1.0,1.0,0.0,200.0,2.0, [ - ]  [+: 0.0]  [-: 2.68258656075e-15] 
2.0,17.92,10.21,1.0,1.0,13.0,4.0,0.0,2.0,2.0,0.0,1.0,1.0,0.0,50.0,2.0, [ - ]  [+: 0.0]  [-: 1.88204866557e-13] 
1.0,44.0,2.0,1.0,1.0,3.0,1.0,1.75,1.0,1.0,2.0,2.0,1.0,0.0,15.0,1.0, [ - ]  [WRONG] [+: 3.44040543623e-16]  [-: 0.0] 
1.0,22.75,11.0,1.0,1.0,2.0,1.0,2.5,1.0,1.0,7.0,2.0,1.0,100.0,809.0,1.0, [ + ]  [+: 8.0533282064e-16]  [-: 0.0] 
1.0,52.5,6.5,1.0,1.0,6.0,1.0,6.29,1.0,1.0,15.0,1.0,1.0,0.0,11202.0,1.0, [ + ]  [+: 1.30556494528e-17]  [-: 0.0] 
1.0,23.92,0.665,1.0,1.0,7.0,1.0,0.165,2.0,2.0,0.0,1.0,1.0,100.0,0.0,1.0, [ - ]  [WRONG] [+: 9.48432633946e-18]  [-: 0.0] 
2.0,18.25,10.0,1.0,1.0,1.0,1.0,1.0,2.0,1.0,1.0,1.0,1.0,120.0,1.0,2.0, [ - ]  [+: 0.0]  [-: 5.87034686211e-14] 
1.0,38.67,0.21,1.0,1.0,6.0,1.0,0.085,1.0,2.0,0.0,2.0,1.0,280.0,0.0,1.0, [ - ]  [WRONG] [+: 5.05015919927e-17]  [-: 0.0] 
1.0,31.33,19.5,1.0,1.0,7.0,1.0,7.0,1.0,1.0,16.0,1.0,1.0,0.0,5000.0,1.0, [ + ]  [+: 6.0622945325e-18]  [-: 0.0] 
1.0,31.5681710914,0.625,1.0,1.0,6.0,1.0,0.25,2.0,2.0,0.0,1.0,1.0,380.0,2010.0,2.0, [ - ]  [+: 0.0]  [-: 3.29116554204e-14] 
1.0,35.0,3.375,1.0,1.0,7.0,2.0,8.29,2.0,2.0,0.0,2.0,1.0,0.0,0.0,2.0, [ - ]  [+: 0.0]  [-: 9.56538963307e-16] 
2.0,29.5,0.46,1.0,1.0,6.0,1.0,0.54,1.0,1.0,4.0,1.0,1.0,380.0,500.0,1.0, [ - ]  [WRONG] [+: 1.21267902124e-16]  [-: 0.0] 
1.0,34.83,2.5,2.0,2.0,1.0,1.0,3.0,2.0,2.0,0.0,1.0,2.0,200.0,0.0,2.0, [ - ]  [+: 0.0]  [-: 1.42662094156e-12] 
1.0,56.58,18.5,1.0,1.0,8.0,3.0,15.0,1.0,1.0,17.0,2.0,1.0,0.0,0.0,1.0, [ + ]  [+: 2.02233098901e-20]  [-: 0.0] 
1.0,35.25,3.165,1.0,1.0,9.0,2.0,3.75,1.0,2.0,0.0,2.0,1.0,680.0,0.0,2.0, [ - ]  [+: 0.0]  [-: 7.21398491888e-16] 
1.0,36.25,5.0,1.0,1.0,7.0,3.0,2.5,1.0,1.0,6.0,1.0,1.0,0.0,367.0,1.0, [ + ]  [+: 7.11071926956e-16]  [-: 0.0] 
1.0,26.33,13.0,1.0,1.0,11.0,8.0,0.0,2.0,2.0,0.0,2.0,1.0,140.0,1110.0,2.0, [ - ]  [+: 0.0]  [-: 5.53091624885e-14] 
2.0,52.5,7.0,1.0,1.0,12.0,2.0,3.0,2.0,2.0,0.0,1.0,1.0,0.0,0.0,2.0, [ - ]  [+: 0.0]  [-: 2.09032436914e-14] 
